V1	V2	V3	V4	V5	V6	variant_type	n_alt_alleles	AF	AF_male	AF_female	AC	AC_male	AC_female	AN	AN_male	AN_female	AF_afr	AF_afr_male	AF_afr_female	AC_afr	AC_afr_male	AC_afr_female	AN_afr	AN_afr_male	AN_afr_female	AF_amr	AF_amr_male	AF_amr_female	AC_amr	AC_amr_male	AC_amr_female	AN_amr	AN_amr_male	AN_amr_female	AF_fin	AF_fin_male	AF_fin_female	AC_fin	AC_fin_male	AC_fin_female	AN_fin	AN_fin_male	AN_fin_female	AF_asj	AF_asj_male	AF_asj_female	AC_asj	AC_asj_male	AC_asj_female	AN_asj	AN_asj_male	AN_asj_female	AF_nfe	AF_nfe_male	AF_nfe_female	AC_nfe	AC_nfe_male	AC_nfe_female	AN_nfe	AN_nfe_male	AN_nfe_female	AF_eas	AF_eas_male	AF_eas_female	AC_eas	AC_eas_male	AC_eas_female	AN_eas	AN_eas_male	AN_eas_female	AF_sas	AF_sas_male	AF_sas_female	AC_sas	AC_sas_male	AC_sas_female	AN_sas	AN_sas_male	AN_sas_female	AC_raw	AF_raw
chr14	24573587	rs758680280	G	C	7951.38	snv	1	2.24189e-05	3.31279e-05	9.77689e-06	5	4	1	223026	120744	102282	0.00000e+00	0.00000e+00	0.00000e+00	0	0	0	15684	5952	9732	0.00000e+00	0.00000e+00	0.00000e+00	0	0	0	28012	11874	16138	0.00000e+00	0.00000e+00	0.00000e+00	0	0	0	20134	10586	9548	0.00000e+00	0.00000e+00	0.00000e+00	0	0	0	7366	3768	3598	4.80603e-05	6.84697e-05	2.19221e-05	5	4	1	104036	58420	45616	0.00000e+00	0.00000e+00	0.00000e+00	0	0	0	16856	8318	8538	0.00000e+00	0.00000e+00	0.00000e+00	0	0	0	25706	19066	6640	6	2.38648e-05
chr14	24573606	rs1285922361	G	T	66.38	snv	1	4.08787e-06	7.55550e-06	0.00000e+00	1	1	0	244626	132354	112272	0.00000e+00	0.00000e+00	0.00000e+00	0	0	0	16112	6130	9982	0.00000e+00	0.00000e+00	0.00000e+00	0	0	0	33324	13872	19452	0.00000e+00	0.00000e+00	0.00000e+00	0	0	0	21270	11102	10168	0.00000e+00	0.00000e+00	0.00000e+00	0	0	0	9288	4768	4520	9.01128e-06	1.60891e-05	0.00000e+00	1	1	0	110972	62154	48818	0.00000e+00	0.00000e+00	0.00000e+00	0	0	0	18086	8916	9170	0.00000e+00	0.00000e+00	0.00000e+00	0	0	0	29674	22314	7360	2	7.95267e-06
chr14	24573611	rs751713593	C	A	3166.22	multi-snv	2	4.05996e-06	7.51236e-06	0.00000e+00	1	1	0	246308	133114	113194	0.00000e+00	0.00000e+00	0.00000e+00	0	0	0	16158	6150	10008	0.00000e+00	0.00000e+00	0.00000e+00	0	0	0	33820	14020	19800	0.00000e+00	0.00000e+00	0.00000e+00	0	0	0	21358	11144	10214	0.00000e+00	0.00000e+00	0.00000e+00	0	0	0	9506	4876	4630	8.96909e-06	1.60226e-05	0.00000e+00	1	1	0	111494	62412	49082	0.00000e+00	0.00000e+00	0.00000e+00	0	0	0	18210	8970	9240	0.00000e+00	0.00000e+00	0.00000e+00	0	0	0	29822	22428	7394	1	3.97630e-06
chr14	24573611	rs751713593	C	T	3166.22	multi-snv	2	4.05996e-06	0.00000e+00	8.83439e-06	1	0	1	246308	133114	113194	6.18888e-05	0.00000e+00	9.99201e-05	1	0	1	16158	6150	10008	0.00000e+00	0.00000e+00	0.00000e+00	0	0	0	33820	14020	19800	0.00000e+00	0.00000e+00	0.00000e+00	0	0	0	21358	11144	10214	0.00000e+00	0.00000e+00	0.00000e+00	0	0	0	9506	4876	4630	0.00000e+00	0.00000e+00	0.00000e+00	0	0	0	111494	62412	49082	0.00000e+00	0.00000e+00	0.00000e+00	0	0	0	18210	8970	9240	0.00000e+00	0.00000e+00	0.00000e+00	0	0	0	29822	22428	7394	1	3.97630e-06
chr14	24573621	rs755001644	C	T	4394.63	snv	1	2.81915e-05	2.97987e-05	2.63001e-05	7	4	3	248302	134234	114068	0.00000e+00	0.00000e+00	0.00000e+00	0	0	0	16182	6156	10026	0.00000e+00	0.00000e+00	0.00000e+00	0	0	0	34050	14102	19948	0.00000e+00	0.00000e+00	0.00000e+00	0	0	0	21478	11186	10292	0.00000e+00	0.00000e+00	0.00000e+00	0	0	0	9734	5004	4730	8.90028e-06	1.59124e-05	0.00000e+00	1	1	0	112356	62844	49512	0.00000e+00	0.00000e+00	0.00000e+00	0	0	0	18236	8988	9248	1.98242e-04	1.31556e-04	4.02037e-04	6	3	3	30266	22804	7462	7	2.78339e-05
chr14	24573624	rs568229259	G	A	62490.56	snv	1	1.00242e-04	8.89904e-05	1.13488e-04	25	12	13	249396	134846	114550	0.00000e+00	0.00000e+00	0.00000e+00	0	0	0	16208	6164	10044	0.00000e+00	0.00000e+00	0.00000e+00	0	0	0	34248	14206	20042	0.00000e+00	0.00000e+00	0.00000e+00	0	0	0	21530	11220	10310	0.00000e+00	0.00000e+00	0.00000e+00	0	0	0	9828	5040	4788	0.00000e+00	0.00000e+00	0.00000e+00	0	0	0	112790	63086	49704	1.09266e-03	9.97340e-04	1.18534e-03	20	9	11	18304	9024	9280	1.64279e-04	1.30810e-04	2.66596e-04	5	3	2	30436	22934	7502	25	9.94060e-05
chr14	24573633	rs749245340	T	G	15547.75	snv	1	8.15727e-06	7.53716e-06	8.88857e-06	2	1	1	245180	132676	112504	0.00000e+00	0.00000e+00	0.00000e+00	0	0	0	15792	5996	9796	0.00000e+00	0.00000e+00	0.00000e+00	0	0	0	33688	13930	19758	0.00000e+00	0.00000e+00	0.00000e+00	0	0	0	21522	11202	10320	0.00000e+00	0.00000e+00	0.00000e+00	0	0	0	9770	5048	4722	1.80183e-05	1.60901e-05	2.04717e-05	2	1	1	110998	62150	48848	0.00000e+00	0.00000e+00	0.00000e+00	0	0	0	17430	8560	8870	0.00000e+00	0.00000e+00	0.00000e+00	0	0	0	30070	22690	7380	3	1.19287e-05
chr14	24573634	rs757208637	C	G	4194.36	snv	1	4.00026e-06	7.39973e-06	0.00000e+00	1	1	0	249984	135140	114844	0.00000e+00	0.00000e+00	0.00000e+00	0	0	0	16220	6172	10048	0.00000e+00	0.00000e+00	0.00000e+00	0	0	0	34328	14226	20102	0.00000e+00	0.00000e+00	0.00000e+00	0	0	0	21580	11240	10340	0.00000e+00	0.00000e+00	0.00000e+00	0	0	0	9908	5086	4822	8.84517e-06	1.58148e-05	0.00000e+00	1	1	0	113056	63232	49824	0.00000e+00	0.00000e+00	0.00000e+00	0	0	0	18318	9022	9296	0.00000e+00	0.00000e+00	0.00000e+00	0	0	0	30496	22982	7514	1	3.97624e-06
chr14	24573638	rs778878848	C	T	3427.37	snv	1	3.99081e-06	7.38476e-06	0.00000e+00	1	1	0	250576	135414	115162	0.00000e+00	0.00000e+00	0.00000e+00	0	0	0	16242	6182	10060	0.00000e+00	0.00000e+00	0.00000e+00	0	0	0	34470	14276	20194	0.00000e+00	0.00000e+00	0.00000e+00	0	0	0	21600	11252	10348	0.00000e+00	0.00000e+00	0.00000e+00	0	0	0	9992	5134	4858	8.82722e-06	1.57903e-05	0.00000e+00	1	1	0	113286	63330	49956	0.00000e+00	0.00000e+00	0.00000e+00	0	0	0	18370	9050	9320	0.00000e+00	0.00000e+00	0.00000e+00	0	0	0	30518	23000	7518	1	3.97624e-06
chr14	24573640	rs761199971	CA	C	21436.43	indel	1	1.99389e-05	2.95168e-05	8.67679e-06	5	4	1	250766	135516	115250	6.15536e-05	0.00000e+00	9.93443e-05	1	0	1	16246	6180	10066	0.00000e+00	0.00000e+00	0.00000e+00	0	0	0	34492	14284	20208	0.00000e+00	0.00000e+00	0.00000e+00	0	0	0	21608	11256	10352	0.00000e+00	0.00000e+00	0.00000e+00	0	0	0	10002	5140	4862	3.52752e-05	6.31054e-05	0.00000e+00	4	4	0	113394	63386	50008	0.00000e+00	0.00000e+00	0.00000e+00	0	0	0	18376	9058	9318	0.00000e+00	0.00000e+00	0.00000e+00	0	0	0	30538	23016	7522	5	1.98812e-05
chr14	24573641	rs764116259	A	AG	25517.82	multi-indel	2	3.98988e-06	7.38400e-06	0.00000e+00	1	1	0	250634	135428	115206	6.15688e-05	1.61865e-04	0.00000e+00	1	1	0	16242	6178	10064	0.00000e+00	0.00000e+00	0.00000e+00	0	0	0	34466	14272	20194	0.00000e+00	0.00000e+00	0.00000e+00	0	0	0	21608	11256	10352	0.00000e+00	0.00000e+00	0.00000e+00	0	0	0	9996	5136	4860	0.00000e+00	0.00000e+00	0.00000e+00	0	0	0	113354	63366	49988	0.00000e+00	0.00000e+00	0.00000e+00	0	0	0	18360	9046	9314	0.00000e+00	0.00000e+00	0.00000e+00	0	0	0	30504	22986	7518	1	3.97624e-06
chr14	24573641	rs764116259	AG	A	25517.82	multi-indel	2	3.98988e-06	0.00000e+00	8.68010e-06	1	0	1	250634	135428	115206	0.00000e+00	0.00000e+00	0.00000e+00	0	0	0	16242	6178	10064	2.90141e-05	0.00000e+00	4.95197e-05	1	0	1	34466	14272	20194	0.00000e+00	0.00000e+00	0.00000e+00	0	0	0	21608	11256	10352	0.00000e+00	0.00000e+00	0.00000e+00	0	0	0	9996	5136	4860	0.00000e+00	0.00000e+00	0.00000e+00	0	0	0	113354	63366	49988	0.00000e+00	0.00000e+00	0.00000e+00	0	0	0	18360	9046	9314	0.00000e+00	0.00000e+00	0.00000e+00	0	0	0	30504	22986	7518	1	3.97624e-06
chr14	24573644	rs1189057436	G	A	372.36	snv	1	3.98498e-06	7.37496e-06	0.00000e+00	1	1	0	250942	135594	115348	0.00000e+00	0.00000e+00	0.00000e+00	0	0	0	16246	6180	10066	0.00000e+00	0.00000e+00	0.00000e+00	0	0	0	34514	14290	20224	0.00000e+00	0.00000e+00	0.00000e+00	0	0	0	21608	11248	10360	0.00000e+00	0.00000e+00	0.00000e+00	0	0	0	10018	5144	4874	0.00000e+00	0.00000e+00	0.00000e+00	0	0	0	113494	63440	50054	5.44307e-05	1.10448e-04	0.00000e+00	1	1	0	18372	9054	9318	0.00000e+00	0.00000e+00	0.00000e+00	0	0	0	30578	23042	7536	1	3.97624e-06
chr14	24573645	rs745616582	G	T	3654.17	snv	1	1.59415e-05	1.47499e-05	1.73424e-05	4	2	2	250918	135594	115324	0.00000e+00	0.00000e+00	0.00000e+00	0	0	0	16242	6180	10062	0.00000e+00	0.00000e+00	0.00000e+00	0	0	0	34508	14286	20222	0.00000e+00	0.00000e+00	0.00000e+00	0	0	0	21608	11252	10356	0.00000e+00	0.00000e+00	0.00000e+00	0	0	0	10026	5152	4874	0.00000e+00	0.00000e+00	0.00000e+00	0	0	0	113486	63440	50046	1.63292e-04	1.10448e-04	2.14638e-04	3	1	2	18372	9054	9318	3.27247e-05	4.34216e-05	0.00000e+00	1	1	0	30558	23030	7528	4	1.59050e-05
chr14	24573646	rs771803667	G	A	25478.63	multi-snv	3	2.78902e-05	2.21177e-05	3.46783e-05	7	3	4	250984	135638	115346	0.00000e+00	0.00000e+00	0.00000e+00	0	0	0	16250	6182	10068	0.00000e+00	0.00000e+00	0.00000e+00	0	0	0	34524	14300	20224	0.00000e+00	0.00000e+00	0.00000e+00	0	0	0	21622	11258	10364	0.00000e+00	0.00000e+00	0.00000e+00	0	0	0	10020	5150	4870	6.16784e-05	4.72858e-05	7.99233e-05	7	3	4	113492	63444	50048	0.00000e+00	0.00000e+00	0.00000e+00	0	0	0	18386	9062	9324	0.00000e+00	0.00000e+00	0.00000e+00	0	0	0	30570	23044	7526	7	2.78337e-05
chr14	24573646	rs771803667	G	C	25478.63	multi-snv	3	1.19530e-05	7.37257e-06	1.73391e-05	3	1	2	250984	135638	115346	0.00000e+00	0.00000e+00	0.00000e+00	0	0	0	16250	6182	10068	0.00000e+00	0.00000e+00	0.00000e+00	0	0	0	34524	14300	20224	0.00000e+00	0.00000e+00	0.00000e+00	0	0	0	21622	11258	10364	0.00000e+00	0.00000e+00	0.00000e+00	0	0	0	10020	5150	4870	2.64336e-05	1.57619e-05	3.99616e-05	3	1	2	113492	63444	50048	0.00000e+00	0.00000e+00	0.00000e+00	0	0	0	18386	9062	9324	0.00000e+00	0.00000e+00	0.00000e+00	0	0	0	30570	23044	7526	3	1.19287e-05
chr14	24573647	rs201968893	G	C	93788.86	multi-snv	2	6.37125e-05	8.10468e-05	4.33261e-05	16	11	5	251128	135724	115404	0.00000e+00	0.00000e+00	0.00000e+00	0	0	0	16252	6186	10066	0.00000e+00	0.00000e+00	0.00000e+00	0	0	0	34544	14304	20240	0.00000e+00	0.00000e+00	0.00000e+00	0	0	0	21624	11262	10362	0.00000e+00	0.00000e+00	0.00000e+00	0	0	0	10038	5164	4874	0.00000e+00	0.00000e+00	0.00000e+00	0	0	0	113590	63506	50084	8.70133e-04	1.21359e-03	5.36251e-04	16	11	5	18388	9064	9324	0.00000e+00	0.00000e+00	0.00000e+00	0	0	0	30570	23040	7530	16	6.36198e-05
chr14	24573647	rs201968893	G	T	93788.86	multi-snv	2	1.59281e-05	2.21037e-05	8.66521e-06	4	3	1	251128	135724	115404	0.00000e+00	0.00000e+00	0.00000e+00	0	0	0	16252	6186	10066	0.00000e+00	0.00000e+00	0.00000e+00	0	0	0	34544	14304	20240	0.00000e+00	0.00000e+00	0.00000e+00	0	0	0	21624	11262	10362	0.00000e+00	0.00000e+00	0.00000e+00	0	0	0	10038	5164	4874	3.52144e-05	4.72396e-05	1.99665e-05	4	3	1	113590	63506	50084	0.00000e+00	0.00000e+00	0.00000e+00	0	0	0	18388	9064	9324	0.00000e+00	0.00000e+00	0.00000e+00	0	0	0	30570	23040	7530	4	1.59050e-05
chr14	24573653	rs149319899	A	G	20984.97	snv	1	2.78600e-05	2.20942e-05	3.46398e-05	7	3	4	251256	135782	115474	0.00000e+00	0.00000e+00	0.00000e+00	0	0	0	16256	6186	10070	0.00000e+00	0.00000e+00	0.00000e+00	0	0	0	34552	14306	20246	4.62278e-05	8.87626e-05	0.00000e+00	1	1	0	21632	11266	10366	0.00000e+00	0.00000e+00	0.00000e+00	0	0	0	10056	5168	4888	5.27909e-05	3.14772e-05	7.98116e-05	6	2	4	113656	63538	50118	0.00000e+00	0.00000e+00	0.00000e+00	0	0	0	18390	9062	9328	0.00000e+00	0.00000e+00	0.00000e+00	0	0	0	30590	23056	7534	7	2.78337e-05
chr14	24573654	rs376237567	T	C	38022.9	snv	1	4.77585e-05	3.68210e-05	6.06208e-05	12	5	7	251264	135792	115472	7.38371e-04	8.08277e-04	6.95410e-04	12	5	7	16252	6186	10066	0.00000e+00	0.00000e+00	0.00000e+00	0	0	0	34554	14308	20246	0.00000e+00	0.00000e+00	0.00000e+00	0	0	0	21634	11270	10364	0.00000e+00	0.00000e+00	0.00000e+00	0	0	0	10058	5172	4886	0.00000e+00	0.00000e+00	0.00000e+00	0	0	0	113652	63530	50122	0.00000e+00	0.00000e+00	0.00000e+00	0	0	0	18392	9066	9326	0.00000e+00	0.00000e+00	0.00000e+00	0	0	0	30598	23060	7538	12	4.77149e-05
chr14	24573660	rs1158265695	C	G	1683.38	multi-snv	2	3.97931e-06	7.36323e-06	0.00000e+00	1	1	0	251300	135810	115490	0.00000e+00	0.00000e+00	0.00000e+00	0	0	0	16254	6186	10068	0.00000e+00	0.00000e+00	0.00000e+00	0	0	0	34566	14310	20256	0.00000e+00	0.00000e+00	0.00000e+00	0	0	0	21638	11272	10366	0.00000e+00	0.00000e+00	0.00000e+00	0	0	0	10056	5170	4886	0.00000e+00	0.00000e+00	0.00000e+00	0	0	0	113664	63542	50122	0.00000e+00	0.00000e+00	0.00000e+00	0	0	0	18392	9064	9328	3.26776e-05	4.33576e-05	0.00000e+00	1	1	0	30602	23064	7538	1	3.97621e-06
chr14	24573661	rs1403139555	C	T	576.36	snv	1	3.97931e-06	7.36301e-06	0.00000e+00	1	1	0	251300	135814	115486	0.00000e+00	0.00000e+00	0.00000e+00	0	0	0	16256	6186	10070	0.00000e+00	0.00000e+00	0.00000e+00	0	0	0	34560	14308	20252	0.00000e+00	0.00000e+00	0.00000e+00	0	0	0	21636	11268	10368	0.00000e+00	0.00000e+00	0.00000e+00	0	0	0	10068	5174	4894	8.79817e-06	1.57361e-05	0.00000e+00	1	1	0	113660	63548	50112	0.00000e+00	0.00000e+00	0.00000e+00	0	0	0	18392	9066	9326	0.00000e+00	0.00000e+00	0.00000e+00	0	0	0	30604	23064	7540	1	3.97621e-06
chr14	24573674	rs1397963388	C	T	400.36	snv	1	3.97779e-06	0.00000e+00	8.65561e-06	1	0	1	251396	135864	115532	0.00000e+00	0.00000e+00	0.00000e+00	0	0	0	16256	6186	10070	0.00000e+00	0.00000e+00	0.00000e+00	0	0	0	34574	14312	20262	0.00000e+00	0.00000e+00	0.00000e+00	0	0	0	21644	11274	10370	0.00000e+00	0.00000e+00	0.00000e+00	0	0	0	10072	5176	4896	0.00000e+00	0.00000e+00	0.00000e+00	0	0	0	113710	63576	50134	5.43656e-05	0.00000e+00	1.07204e-04	1	0	1	18394	9066	9328	0.00000e+00	0.00000e+00	0.00000e+00	0	0	0	30616	23072	7544	1	3.97621e-06
chr14	24573691	rs1354832103	T	C	2453.14	snv	1	3.97659e-06	0.00000e+00	8.65366e-06	1	0	1	251472	135914	115558	0.00000e+00	0.00000e+00	0.00000e+00	0	0	0	16256	6186	10070	0.00000e+00	0.00000e+00	0.00000e+00	0	0	0	34590	14322	20268	0.00000e+00	0.00000e+00	0.00000e+00	0	0	0	21648	11274	10374	0.00000e+00	0.00000e+00	0.00000e+00	0	0	0	10080	5180	4900	0.00000e+00	0.00000e+00	0.00000e+00	0	0	0	113750	63604	50146	0.00000e+00	0.00000e+00	0.00000e+00	0	0	0	18394	9066	9328	3.26627e-05	0.00000e+00	1.32556e-04	1	0	1	30616	23072	7544	1	3.97621e-06
chr14	24573693	rs576986386	T	C	2000.36	snv	1	3.97655e-06	0.00000e+00	8.65351e-06	1	0	1	251474	135914	115560	0.00000e+00	0.00000e+00	0.00000e+00	0	0	0	16256	6186	10070	0.00000e+00	0.00000e+00	0.00000e+00	0	0	0	34590	14322	20268	0.00000e+00	0.00000e+00	0.00000e+00	0	0	0	21648	11274	10374	0.00000e+00	0.00000e+00	0.00000e+00	0	0	0	10080	5180	4900	0.00000e+00	0.00000e+00	0.00000e+00	0	0	0	113754	63604	50150	0.00000e+00	0.00000e+00	0.00000e+00	0	0	0	18392	9066	9326	3.26627e-05	0.00000e+00	1.32556e-04	1	0	1	30616	23072	7544	1	3.97621e-06
chr14	24573698	rs773668643	G	A	5968.36	snv	1	3.97662e-06	0.00000e+00	8.65366e-06	1	0	1	251470	135912	115558	6.15233e-05	0.00000e+00	9.93049e-05	1	0	1	16254	6184	10070	0.00000e+00	0.00000e+00	0.00000e+00	0	0	0	34590	14322	20268	0.00000e+00	0.00000e+00	0.00000e+00	0	0	0	21648	11274	10374	0.00000e+00	0.00000e+00	0.00000e+00	0	0	0	10080	5180	4900	0.00000e+00	0.00000e+00	0.00000e+00	0	0	0	113750	63604	50146	0.00000e+00	0.00000e+00	0.00000e+00	0	0	0	18394	9066	9328	0.00000e+00	0.00000e+00	0.00000e+00	0	0	0	30616	23072	7544	1	3.97621e-06
chr14	24573703	rs61737118	G	A	7185110.2	snv	1	1.01840e-02	8.24051e-03	1.24699e-02	2561	1120	1441	251472	135914	115558	1.07556e-01	1.08991e-01	1.06675e-01	1748	674	1074	16252	6184	10068	9.07829e-03	9.84499e-03	8.53647e-03	314	141	173	34588	14322	20266	4.61936e-05	0.00000e+00	9.63948e-05	1	0	1	21648	11274	10374	1.09127e-03	9.65251e-04	1.22449e-03	11	5	6	10080	5180	4900	2.52294e-03	2.67270e-03	2.33300e-03	287	170	117	113756	63606	50150	0.00000e+00	0.00000e+00	0.00000e+00	0	0	0	18394	9066	9328	4.57277e-03	4.37760e-03	5.16967e-03	140	101	39	30616	23072	7544	2562	1.01870e-02
chr14	24573706	.	A	G	3338.16	snv	1	3.97652e-06	7.35759e-06	0.00000e+00	1	1	0	251476	135914	115562	0.00000e+00	0.00000e+00	0.00000e+00	0	0	0	16256	6186	10070	0.00000e+00	0.00000e+00	0.00000e+00	0	0	0	34588	14322	20266	0.00000e+00	0.00000e+00	0.00000e+00	0	0	0	21648	11274	10374	0.00000e+00	0.00000e+00	0.00000e+00	0	0	0	10080	5180	4900	8.79075e-06	1.57223e-05	0.00000e+00	1	1	0	113756	63604	50152	0.00000e+00	0.00000e+00	0.00000e+00	0	0	0	18394	9066	9328	0.00000e+00	0.00000e+00	0.00000e+00	0	0	0	30616	23072	7544	1	3.97621e-06
chr14	24573711	rs766684169	A	T	6602.16	snv	1	1.19296e-05	2.20731e-05	0.00000e+00	3	3	0	251476	135912	115564	0.00000e+00	0.00000e+00	0.00000e+00	0	0	0	16256	6186	10070	0.00000e+00	0.00000e+00	0.00000e+00	0	0	0	34588	14322	20266	0.00000e+00	0.00000e+00	0.00000e+00	0	0	0	21648	11274	10374	0.00000e+00	0.00000e+00	0.00000e+00	0	0	0	10078	5178	4900	2.63718e-05	4.71668e-05	0.00000e+00	3	3	0	113758	63604	50154	0.00000e+00	0.00000e+00	0.00000e+00	0	0	0	18394	9066	9328	0.00000e+00	0.00000e+00	0.00000e+00	0	0	0	30616	23072	7544	3	1.19286e-05
chr14	24573719	rs751728596	G	A	4465.36	snv	1	3.97690e-06	7.35814e-06	0.00000e+00	1	1	0	251452	135904	115548	6.15233e-05	1.61655e-04	0.00000e+00	1	1	0	16254	6186	10068	0.00000e+00	0.00000e+00	0.00000e+00	0	0	0	34588	14322	20266	0.00000e+00	0.00000e+00	0.00000e+00	0	0	0	21648	11274	10374	0.00000e+00	0.00000e+00	0.00000e+00	0	0	0	10076	5176	4900	0.00000e+00	0.00000e+00	0.00000e+00	0	0	0	113738	63598	50140	0.00000e+00	0.00000e+00	0.00000e+00	0	0	0	18394	9066	9328	0.00000e+00	0.00000e+00	0.00000e+00	0	0	0	30616	23072	7544	1	3.97621e-06
chr14	24573720	rs1259890671	TGAA	T	3037.15	indel	1	1.59071e-05	7.35781e-06	2.59628e-05	4	1	3	251460	135910	115550	0.00000e+00	0.00000e+00	0.00000e+00	0	0	0	16256	6186	10070	0.00000e+00	0.00000e+00	0.00000e+00	0	0	0	34588	14322	20266	0.00000e+00	0.00000e+00	0.00000e+00	0	0	0	21648	11274	10374	0.00000e+00	0.00000e+00	0.00000e+00	0	0	0	10076	5176	4900	0.00000e+00	0.00000e+00	0.00000e+00	0	0	0	113746	63604	50142	2.17486e-04	1.10302e-04	3.21681e-04	4	1	3	18392	9066	9326	0.00000e+00	0.00000e+00	0.00000e+00	0	0	0	30616	23072	7544	4	1.59048e-05
chr14	24573724	rs1046928225	G	A	777.36	snv	1	3.97709e-06	0.00000e+00	8.65516e-06	1	0	1	251440	135902	115538	0.00000e+00	0.00000e+00	0.00000e+00	0	0	0	16256	6186	10070	2.89134e-05	0.00000e+00	4.93437e-05	1	0	1	34586	14320	20266	0.00000e+00	0.00000e+00	0.00000e+00	0	0	0	21648	11274	10374	0.00000e+00	0.00000e+00	0.00000e+00	0	0	0	10078	5178	4900	0.00000e+00	0.00000e+00	0.00000e+00	0	0	0	113736	63598	50138	0.00000e+00	0.00000e+00	0.00000e+00	0	0	0	18384	9064	9320	0.00000e+00	0.00000e+00	0.00000e+00	0	0	0	30616	23072	7544	1	3.97621e-06
chr14	24573725	rs759770027	A	C	3101.35	snv	1	3.97684e-06	7.35803e-06	0.00000e+00	1	1	0	251456	135906	115550	0.00000e+00	0.00000e+00	0.00000e+00	0	0	0	16256	6186	10070	0.00000e+00	0.00000e+00	0.00000e+00	0	0	0	34588	14322	20266	0.00000e+00	0.00000e+00	0.00000e+00	0	0	0	21648	11274	10374	0.00000e+00	0.00000e+00	0.00000e+00	0	0	0	10076	5176	4900	0.00000e+00	0.00000e+00	0.00000e+00	0	0	0	113742	63600	50142	0.00000e+00	0.00000e+00	0.00000e+00	0	0	0	18392	9066	9326	3.26627e-05	4.33426e-05	0.00000e+00	1	1	0	30616	23072	7544	1	3.97621e-06
chr14	24573729	rs1277584108	C	T	302.35	snv	1	3.97690e-06	0.00000e+00	8.65486e-06	1	0	1	251452	135910	115542	0.00000e+00	0.00000e+00	0.00000e+00	0	0	0	16256	6186	10070	0.00000e+00	0.00000e+00	0.00000e+00	0	0	0	34588	14322	20266	0.00000e+00	0.00000e+00	0.00000e+00	0	0	0	21648	11274	10374	0.00000e+00	0.00000e+00	0.00000e+00	0	0	0	10078	5178	4900	0.00000e+00	0.00000e+00	0.00000e+00	0	0	0	113736	63602	50134	0.00000e+00	0.00000e+00	0.00000e+00	0	0	0	18392	9066	9326	0.00000e+00	0.00000e+00	0.00000e+00	0	0	0	30616	23072	7544	1	3.97621e-06
chr14	24573730	rs1485058756	T	G	1968.37	snv	1	7.95393e-06	1.47156e-05	0.00000e+00	2	2	0	251448	135910	115538	0.00000e+00	0.00000e+00	0.00000e+00	0	0	0	16256	6186	10070	0.00000e+00	0.00000e+00	0.00000e+00	0	0	0	34588	14322	20266	0.00000e+00	0.00000e+00	0.00000e+00	0	0	0	21648	11274	10374	0.00000e+00	0.00000e+00	0.00000e+00	0	0	0	10078	5178	4900	1.75852e-05	3.14456e-05	0.00000e+00	2	2	0	113732	63602	50130	0.00000e+00	0.00000e+00	0.00000e+00	0	0	0	18392	9066	9326	0.00000e+00	0.00000e+00	0.00000e+00	0	0	0	30616	23072	7544	2	7.95241e-06
chr14	24573741	rs752781132	C	A	637.62	snv	1	3.97716e-06	7.35846e-06	0.00000e+00	1	1	0	251436	135898	115538	0.00000e+00	0.00000e+00	0.00000e+00	0	0	0	16256	6186	10070	0.00000e+00	0.00000e+00	0.00000e+00	0	0	0	34584	14320	20264	0.00000e+00	0.00000e+00	0.00000e+00	0	0	0	21648	11274	10374	0.00000e+00	0.00000e+00	0.00000e+00	0	0	0	10080	5180	4900	0.00000e+00	0.00000e+00	0.00000e+00	0	0	0	113722	63590	50132	0.00000e+00	0.00000e+00	0.00000e+00	0	0	0	18392	9066	9326	3.26627e-05	4.33426e-05	0.00000e+00	1	1	0	30616	23072	7544	1	3.97621e-06
chr14	24573745	rs757296409	C	T	523.35	snv	1	3.97738e-06	7.35868e-06	0.00000e+00	1	1	0	251422	135894	115528	0.00000e+00	0.00000e+00	0.00000e+00	0	0	0	16256	6186	10070	0.00000e+00	0.00000e+00	0.00000e+00	0	0	0	34586	14320	20266	0.00000e+00	0.00000e+00	0.00000e+00	0	0	0	21648	11274	10374	0.00000e+00	0.00000e+00	0.00000e+00	0	0	0	10080	5180	4900	0.00000e+00	0.00000e+00	0.00000e+00	0	0	0	113706	63586	50120	0.00000e+00	0.00000e+00	0.00000e+00	0	0	0	18392	9066	9326	3.26627e-05	4.33426e-05	0.00000e+00	1	1	0	30616	23072	7544	1	3.97621e-06
chr14	24573749	rs138110777	T	C	166502.29	snv	1	2.86396e-04	1.98699e-04	3.89556e-04	72	27	45	251400	135884	115516	3.93701e-03	3.39476e-03	4.27011e-03	64	21	43	16256	6186	10070	1.44584e-04	2.09526e-04	9.86972e-05	5	3	2	34582	14318	20264	0.00000e+00	0.00000e+00	0.00000e+00	0	0	0	21648	11274	10374	0.00000e+00	0.00000e+00	0.00000e+00	0	0	0	10080	5180	4900	1.75914e-05	3.14564e-05	0.00000e+00	2	2	0	113692	63580	50112	0.00000e+00	0.00000e+00	0.00000e+00	0	0	0	18392	9066	9326	3.26648e-05	4.33463e-05	0.00000e+00	1	1	0	30614	23070	7544	72	2.86287e-04
chr14	24573751	rs1181576733	T	G	364.35	snv	1	3.97782e-06	0.00000e+00	8.65711e-06	1	0	1	251394	135882	115512	6.15233e-05	0.00000e+00	9.93246e-05	1	0	1	16254	6186	10068	0.00000e+00	0.00000e+00	0.00000e+00	0	0	0	34582	14318	20264	0.00000e+00	0.00000e+00	0.00000e+00	0	0	0	21648	11274	10374	0.00000e+00	0.00000e+00	0.00000e+00	0	0	0	10080	5180	4900	0.00000e+00	0.00000e+00	0.00000e+00	0	0	0	113684	63576	50108	0.00000e+00	0.00000e+00	0.00000e+00	0	0	0	18392	9066	9326	0.00000e+00	0.00000e+00	0.00000e+00	0	0	0	30616	23072	7544	1	3.97621e-06
chr14	24573753	rs1378518996	C	T	460.35	snv	1	3.97788e-06	0.00000e+00	8.65726e-06	1	0	1	251390	135880	115510	0.00000e+00	0.00000e+00	0.00000e+00	0	0	0	16256	6186	10070	0.00000e+00	0.00000e+00	0.00000e+00	0	0	0	34582	14318	20264	0.00000e+00	0.00000e+00	0.00000e+00	0	0	0	21648	11274	10374	0.00000e+00	0.00000e+00	0.00000e+00	0	0	0	10080	5180	4900	0.00000e+00	0.00000e+00	0.00000e+00	0	0	0	113678	63574	50104	5.43715e-05	0.00000e+00	1.07227e-04	1	0	1	18392	9066	9326	0.00000e+00	0.00000e+00	0.00000e+00	0	0	0	30616	23072	7544	1	3.97621e-06
chr14	24573754	rs143670260	A	G	349603.61	snv	1	6.64417e-04	7.50773e-04	5.62829e-04	167	102	65	251348	135860	115488	1.23031e-04	1.61655e-04	9.93049e-05	2	1	1	16256	6186	10070	1.44592e-04	1.39704e-04	1.48046e-04	5	2	3	34580	14316	20264	4.15743e-04	6.20898e-04	1.92790e-04	9	7	2	21648	11274	10374	1.28968e-03	1.54440e-03	1.02041e-03	13	8	5	10080	5180	4900	1.10876e-03	1.14859e-03	1.05822e-03	126	73	53	113640	63556	50084	0.00000e+00	0.00000e+00	0.00000e+00	0	0	0	18390	9066	9324	3.26627e-04	3.90083e-04	1.32556e-04	10	9	1	30616	23072	7544	167	6.64026e-04
chr14	24573758	rs369647596	G	A	3221.3	snv	1	7.95824e-06	0.00000e+00	1.73205e-05	2	0	2	251312	135842	115470	0.00000e+00	0.00000e+00	0.00000e+00	0	0	0	16256	6186	10070	5.78369e-05	0.00000e+00	9.86972e-05	2	0	2	34580	14316	20264	0.00000e+00	0.00000e+00	0.00000e+00	0	0	0	21648	11274	10374	0.00000e+00	0.00000e+00	0.00000e+00	0	0	0	10078	5178	4900	0.00000e+00	0.00000e+00	0.00000e+00	0	0	0	113604	63540	50064	0.00000e+00	0.00000e+00	0.00000e+00	0	0	0	18392	9066	9326	0.00000e+00	0.00000e+00	0.00000e+00	0	0	0	30616	23072	7544	2	7.95241e-06
chr14	24573761	rs1374995434	A	G	523.35	snv	1	3.97978e-06	7.36214e-06	0.00000e+00	1	1	0	251270	135830	115440	0.00000e+00	0.00000e+00	0.00000e+00	0	0	0	16256	6186	10070	0.00000e+00	0.00000e+00	0.00000e+00	0	0	0	34580	14316	20264	0.00000e+00	0.00000e+00	0.00000e+00	0	0	0	21648	11274	10374	0.00000e+00	0.00000e+00	0.00000e+00	0	0	0	10076	5178	4898	8.80561e-06	1.57411e-05	0.00000e+00	1	1	0	113564	63528	50036	0.00000e+00	0.00000e+00	0.00000e+00	0	0	0	18392	9066	9326	0.00000e+00	0.00000e+00	0.00000e+00	0	0	0	30616	23072	7544	1	3.97624e-06
chr14	24573762	rs758122544	C	G	6010.16	multi-snv	2	7.96039e-06	1.47254e-05	0.00000e+00	2	2	0	251244	135820	115424	0.00000e+00	0.00000e+00	0.00000e+00	0	0	0	16254	6186	10068	5.78369e-05	1.39704e-04	0.00000e+00	2	2	0	34580	14316	20264	0.00000e+00	0.00000e+00	0.00000e+00	0	0	0	21648	11274	10374	0.00000e+00	0.00000e+00	0.00000e+00	0	0	0	10076	5178	4898	0.00000e+00	0.00000e+00	0.00000e+00	0	0	0	113540	63518	50022	0.00000e+00	0.00000e+00	0.00000e+00	0	0	0	18392	9066	9326	0.00000e+00	0.00000e+00	0.00000e+00	0	0	0	30616	23072	7544	2	7.95248e-06
chr14	24573762	rs758122544	C	T	6010.16	multi-snv	2	7.96039e-06	1.47254e-05	0.00000e+00	2	2	0	251244	135820	115424	0.00000e+00	0.00000e+00	0.00000e+00	0	0	0	16254	6186	10068	0.00000e+00	0.00000e+00	0.00000e+00	0	0	0	34580	14316	20264	0.00000e+00	0.00000e+00	0.00000e+00	0	0	0	21648	11274	10374	0.00000e+00	0.00000e+00	0.00000e+00	0	0	0	10076	5178	4898	1.76149e-05	3.14871e-05	0.00000e+00	2	2	0	113540	63518	50022	0.00000e+00	0.00000e+00	0.00000e+00	0	0	0	18392	9066	9326	0.00000e+00	0.00000e+00	0.00000e+00	0	0	0	30616	23072	7544	2	7.95248e-06
chr14	24573763	rs147260851	G	A	101765.26	snv	1	2.22967e-04	1.91486e-04	2.60015e-04	56	26	30	251158	135780	115378	1.59941e-03	1.93986e-03	1.39027e-03	26	12	14	16256	6186	10070	5.78369e-05	0.00000e+00	9.86972e-05	2	0	2	34580	14316	20264	0.00000e+00	0.00000e+00	0.00000e+00	0	0	0	21648	11274	10374	0.00000e+00	0.00000e+00	0.00000e+00	0	0	0	10074	5178	4896	8.81414e-06	0.00000e+00	2.00096e-05	1	0	1	113454	63478	49976	1.35929e-03	1.43393e-03	1.28673e-03	25	13	12	18392	9066	9326	3.26627e-05	0.00000e+00	1.32556e-04	1	0	1	30616	23072	7544	56	2.22669e-04
chr14	24573768	rs746654272	C	T	6574.15	multi-snv	2	7.96457e-06	7.36637e-06	8.66852e-06	2	1	1	251112	135752	115360	0.00000e+00	0.00000e+00	0.00000e+00	0	0	0	16254	6184	10070	0.00000e+00	0.00000e+00	0.00000e+00	0	0	0	34580	14316	20264	0.00000e+00	0.00000e+00	0.00000e+00	0	0	0	21644	11274	10370	0.00000e+00	0.00000e+00	0.00000e+00	0	0	0	10070	5176	4894	1.76339e-05	1.57594e-05	2.00144e-05	2	1	1	113418	63454	49964	0.00000e+00	0.00000e+00	0.00000e+00	0	0	0	18392	9066	9326	0.00000e+00	0.00000e+00	0.00000e+00	0	0	0	30616	23072	7544	2	7.95248e-06
chr14	24573769	rs768249296	G	A	1946.14	snv	1	1.19493e-05	7.36746e-06	1.73418e-05	3	1	2	251060	135732	115328	0.00000e+00	0.00000e+00	0.00000e+00	0	0	0	16252	6184	10068	2.89184e-05	6.98519e-05	0.00000e+00	1	1	0	34580	14316	20264	0.00000e+00	0.00000e+00	0.00000e+00	0	0	0	21646	11274	10372	9.92851e-05	0.00000e+00	2.04248e-04	1	0	1	10072	5176	4896	8.82099e-06	0.00000e+00	2.00280e-05	1	0	1	113366	63436	49930	0.00000e+00	0.00000e+00	0.00000e+00	0	0	0	18392	9066	9326	0.00000e+00	0.00000e+00	0.00000e+00	0	0	0	30616	23072	7544	3	1.19287e-05
chr14	24573772	rs199877520	G	A	400197.81	snv	1	8.76410e-04	9.20905e-04	8.24023e-04	220	125	95	251024	135736	115288	0.00000e+00	0.00000e+00	0.00000e+00	0	0	0	16252	6184	10068	0.00000e+00	0.00000e+00	0.00000e+00	0	0	0	34580	14316	20264	7.76197e-03	8.16182e-03	7.32742e-03	168	92	76	21644	11272	10372	0.00000e+00	0.00000e+00	0.00000e+00	0	0	0	10072	5176	4896	4.23534e-04	4.88651e-04	3.40736e-04	48	31	17	113332	63440	49892	0.00000e+00	0.00000e+00	0.00000e+00	0	0	0	18390	9066	9324	0.00000e+00	0.00000e+00	0.00000e+00	0	0	0	30616	23072	7544	220	8.74772e-04
chr14	24573775	rs747628622	C	T	3941.4	snv	1	3.98651e-06	0.00000e+00	8.68025e-06	1	0	1	250846	135642	115204	0.00000e+00	0.00000e+00	0.00000e+00	0	0	0	16254	6184	10070	0.00000e+00	0.00000e+00	0.00000e+00	0	0	0	34580	14316	20264	0.00000e+00	0.00000e+00	0.00000e+00	0	0	0	21644	11274	10370	0.00000e+00	0.00000e+00	0.00000e+00	0	0	0	10068	5172	4896	8.83704e-06	0.00000e+00	2.00755e-05	1	0	1	113160	63348	49812	0.00000e+00	0.00000e+00	0.00000e+00	0	0	0	18390	9066	9324	0.00000e+00	0.00000e+00	0.00000e+00	0	0	0	30616	23072	7544	1	3.97624e-06
chr14	24573779	rs201961041	T	C	7962.41	snv	1	1.99324e-05	1.47447e-05	2.60403e-05	5	2	3	250848	135642	115206	0.00000e+00	0.00000e+00	0.00000e+00	0	0	0	16254	6186	10068	0.00000e+00	0.00000e+00	0.00000e+00	0	0	0	34582	14318	20264	0.00000e+00	0.00000e+00	0.00000e+00	0	0	0	21640	11272	10368	0.00000e+00	0.00000e+00	0.00000e+00	0	0	0	10068	5174	4894	2.65116e-05	3.15736e-05	2.00747e-05	3	2	1	113158	63344	49814	0.00000e+00	0.00000e+00	0.00000e+00	0	0	0	18392	9066	9326	3.26627e-05	0.00000e+00	1.32556e-04	1	0	1	30616	23072	7544	5	1.98810e-05
chr14	24573780	rs773582366	T	C	4204.17	multi-snv	2	3.98699e-06	7.37343e-06	0.00000e+00	1	1	0	250816	135622	115194	6.15157e-05	1.61655e-04	0.00000e+00	1	1	0	16256	6186	10070	0.00000e+00	0.00000e+00	0.00000e+00	0	0	0	34580	14318	20262	0.00000e+00	0.00000e+00	0.00000e+00	0	0	0	21642	11272	10370	0.00000e+00	0.00000e+00	0.00000e+00	0	0	0	10070	5174	4896	0.00000e+00	0.00000e+00	0.00000e+00	0	0	0	113124	63326	49798	0.00000e+00	0.00000e+00	0.00000e+00	0	0	0	18392	9066	9326	0.00000e+00	0.00000e+00	0.00000e+00	0	0	0	30616	23072	7544	1	3.97621e-06
chr14	24573780	rs773582366	T	G	4204.17	multi-snv	2	3.98699e-06	0.00000e+00	8.68101e-06	1	0	1	250816	135622	115194	0.00000e+00	0.00000e+00	0.00000e+00	0	0	0	16256	6186	10070	0.00000e+00	0.00000e+00	0.00000e+00	0	0	0	34580	14318	20262	0.00000e+00	0.00000e+00	0.00000e+00	0	0	0	21642	11272	10370	0.00000e+00	0.00000e+00	0.00000e+00	0	0	0	10070	5174	4896	8.83986e-06	0.00000e+00	2.00811e-05	1	0	1	113124	63326	49798	0.00000e+00	0.00000e+00	0.00000e+00	0	0	0	18392	9066	9326	0.00000e+00	0.00000e+00	0.00000e+00	0	0	0	30616	23072	7544	1	3.97621e-06
chr14	24573781	rs763445044	G	A	1459.36	snv	1	3.98791e-06	7.37463e-06	0.00000e+00	1	1	0	250758	135600	115158	0.00000e+00	0.00000e+00	0.00000e+00	0	0	0	16252	6186	10066	0.00000e+00	0.00000e+00	0.00000e+00	0	0	0	34580	14318	20262	0.00000e+00	0.00000e+00	0.00000e+00	0	0	0	21642	11272	10370	0.00000e+00	0.00000e+00	0.00000e+00	0	0	0	10068	5174	4894	8.84377e-06	1.57968e-05	0.00000e+00	1	1	0	113074	63304	49770	0.00000e+00	0.00000e+00	0.00000e+00	0	0	0	18390	9066	9324	0.00000e+00	0.00000e+00	0.00000e+00	0	0	0	30616	23072	7544	1	3.97621e-06
chr14	24573793	rs771208409	G	C	8289.48	multi-snv	2	3.99866e-06	0.00000e+00	8.71293e-06	1	0	1	250084	135312	114772	0.00000e+00	0.00000e+00	0.00000e+00	0	0	0	16214	6184	10030	0.00000e+00	0.00000e+00	0.00000e+00	0	0	0	34548	14306	20242	0.00000e+00	0.00000e+00	0.00000e+00	0	0	0	21628	11262	10366	0.00000e+00	0.00000e+00	0.00000e+00	0	0	0	10048	5162	4886	0.00000e+00	0.00000e+00	0.00000e+00	0	0	0	112542	63072	49470	0.00000e+00	0.00000e+00	0.00000e+00	0	0	0	18380	9060	9320	3.26733e-05	0.00000e+00	1.32591e-04	1	0	1	30606	23064	7542	1	3.97624e-06
chr14	24573793	rs771208409	G	T	8289.48	multi-snv	2	2.39919e-05	3.69516e-05	8.71293e-06	6	5	1	250084	135312	114772	0.00000e+00	0.00000e+00	0.00000e+00	0	0	0	16214	6184	10030	0.00000e+00	0.00000e+00	0.00000e+00	0	0	0	34548	14306	20242	0.00000e+00	0.00000e+00	0.00000e+00	0	0	0	21628	11262	10366	0.00000e+00	0.00000e+00	0.00000e+00	0	0	0	10048	5162	4886	5.33134e-05	7.92745e-05	2.02143e-05	6	5	1	112542	63072	49470	0.00000e+00	0.00000e+00	0.00000e+00	0	0	0	18380	9060	9320	0.00000e+00	0.00000e+00	0.00000e+00	0	0	0	30606	23064	7542	6	2.38574e-05
chr14	24573797	rs774723492	C	T	4781.2	snv	1	1.20118e-05	2.21926e-05	0.00000e+00	3	3	0	249754	135180	114574	0.00000e+00	0.00000e+00	0.00000e+00	0	0	0	16190	6180	10010	0.00000e+00	0.00000e+00	0.00000e+00	0	0	0	34528	14296	20232	0.00000e+00	0.00000e+00	0.00000e+00	0	0	0	21618	11258	10360	0.00000e+00	0.00000e+00	0.00000e+00	0	0	0	10036	5156	4880	2.67161e-05	4.76402e-05	0.00000e+00	3	3	0	112292	62972	49320	0.00000e+00	0.00000e+00	0.00000e+00	0	0	0	18380	9060	9320	0.00000e+00	0.00000e+00	0.00000e+00	0	0	0	30600	23060	7540	3	1.19287e-05
chr14	24573802	rs370459122	G	A	3192.95	snv	1	8.01449e-06	0.00000e+00	1.74779e-05	2	0	2	249548	135118	114430	0.00000e+00	0.00000e+00	0.00000e+00	0	0	0	16144	6180	9964	0.00000e+00	0.00000e+00	0.00000e+00	0	0	0	34528	14298	20230	0.00000e+00	0.00000e+00	0.00000e+00	0	0	0	21606	11254	10352	0.00000e+00	0.00000e+00	0.00000e+00	0	0	0	10028	5150	4878	1.78317e-05	0.00000e+00	4.06141e-05	2	0	2	112160	62916	49244	0.00000e+00	0.00000e+00	0.00000e+00	0	0	0	18376	9060	9316	0.00000e+00	0.00000e+00	0.00000e+00	0	0	0	30604	23062	7542	4	1.59051e-05
chr14	24573808	rs139142097	C	T	25004.27	snv	1	1.16415e-04	6.67082e-05	1.75144e-04	29	9	20	249108	134916	114192	1.86567e-04	0.00000e+00	3.02847e-04	3	0	3	16080	6174	9906	3.18600e-04	1.39919e-04	4.44840e-04	11	2	9	34526	14294	20232	0.00000e+00	0.00000e+00	0.00000e+00	0	0	0	21594	11250	10344	3.99600e-04	3.89105e-04	4.10678e-04	4	2	2	10010	5140	4870	8.04635e-05	6.37308e-05	1.01858e-04	9	4	5	111852	62764	49088	0.00000e+00	0.00000e+00	0.00000e+00	0	0	0	18364	9056	9308	0.00000e+00	0.00000e+00	0.00000e+00	0	0	0	30580	23038	7542	29	1.15313e-04
chr14	24573810	rs752871027	C	G	3751.22	multi-snv	2	1.60739e-05	7.41873e-06	2.63029e-05	4	1	3	248850	134794	114056	0.00000e+00	0.00000e+00	0.00000e+00	0	0	0	16048	6174	9874	1.15915e-04	6.99790e-05	1.48383e-04	4	1	3	34508	14290	20218	0.00000e+00	0.00000e+00	0.00000e+00	0	0	0	21588	11252	10336	0.00000e+00	0.00000e+00	0.00000e+00	0	0	0	10002	5136	4866	0.00000e+00	0.00000e+00	0.00000e+00	0	0	0	111694	62674	49020	0.00000e+00	0.00000e+00	0.00000e+00	0	0	0	18360	9048	9312	0.00000e+00	0.00000e+00	0.00000e+00	0	0	0	30568	23030	7538	4	1.59053e-05
chr14	24573810	rs752871027	C	T	3751.22	multi-snv	2	4.01849e-06	7.41873e-06	0.00000e+00	1	1	0	248850	134794	114056	0.00000e+00	0.00000e+00	0.00000e+00	0	0	0	16048	6174	9874	0.00000e+00	0.00000e+00	0.00000e+00	0	0	0	34508	14290	20218	0.00000e+00	0.00000e+00	0.00000e+00	0	0	0	21588	11252	10336	0.00000e+00	0.00000e+00	0.00000e+00	0	0	0	10002	5136	4866	8.95303e-06	1.59556e-05	0.00000e+00	1	1	0	111694	62674	49020	0.00000e+00	0.00000e+00	0.00000e+00	0	0	0	18360	9048	9312	0.00000e+00	0.00000e+00	0.00000e+00	0	0	0	30568	23030	7538	1	3.97633e-06
chr14	24573813	rs762979506	G	A	2486.16	snv	1	8.04324e-06	1.48471e-05	0.00000e+00	2	2	0	248656	134706	113950	0.00000e+00	0.00000e+00	0.00000e+00	0	0	0	15978	6166	9812	0.00000e+00	0.00000e+00	0.00000e+00	0	0	0	34488	14280	20208	0.00000e+00	0.00000e+00	0.00000e+00	0	0	0	21572	11244	10328	0.00000e+00	0.00000e+00	0.00000e+00	0	0	0	10008	5136	4872	1.79176e-05	3.19377e-05	0.00000e+00	2	2	0	111622	62622	49000	0.00000e+00	0.00000e+00	0.00000e+00	0	0	0	18352	9044	9308	0.00000e+00	0.00000e+00	0.00000e+00	0	0	0	30562	23028	7534	2	7.95273e-06
chr14	24573816	rs765283974	G	C	2113.17	snv	1	1.20865e-05	1.48694e-05	8.79461e-06	3	2	1	248210	134504	113706	0.00000e+00	0.00000e+00	0.00000e+00	0	0	0	15966	6160	9806	0.00000e+00	0.00000e+00	0.00000e+00	0	0	0	34426	14262	20164	0.00000e+00	0.00000e+00	0.00000e+00	0	0	0	21562	11242	10320	0.00000e+00	0.00000e+00	0.00000e+00	0	0	0	9984	5132	4852	0.00000e+00	0.00000e+00	0.00000e+00	0	0	0	111342	62480	48862	1.63595e-04	2.21141e-04	1.07596e-04	3	2	1	18338	9044	9294	0.00000e+00	0.00000e+00	0.00000e+00	0	0	0	30526	22996	7530	3	1.19293e-05
chr14	24573817	rs750330910	G	A	1159.38	snv	1	4.03239e-06	7.44037e-06	0.00000e+00	1	1	0	247992	134402	113590	0.00000e+00	0.00000e+00	0.00000e+00	0	0	0	15952	6160	9792	0.00000e+00	0.00000e+00	0.00000e+00	0	0	0	34416	14252	20164	0.00000e+00	0.00000e+00	0.00000e+00	0	0	0	21552	11234	10318	0.00000e+00	0.00000e+00	0.00000e+00	0	0	0	9968	5118	4850	8.99410e-06	1.60210e-05	0.00000e+00	1	1	0	111184	62418	48766	0.00000e+00	0.00000e+00	0.00000e+00	0	0	0	18342	9042	9300	0.00000e+00	0.00000e+00	0.00000e+00	0	0	0	30516	22990	7526	1	3.97643e-06
chr14	24573822	rs758298758	G	C	3168.21	snv	1	8.13160e-06	1.49954e-05	0.00000e+00	2	2	0	245954	133374	112580	0.00000e+00	0.00000e+00	0.00000e+00	0	0	0	15852	6140	9712	0.00000e+00	0.00000e+00	0.00000e+00	0	0	0	34064	14138	19926	0.00000e+00	0.00000e+00	0.00000e+00	0	0	0	21444	11176	10268	0.00000e+00	0.00000e+00	0.00000e+00	0	0	0	9790	5016	4774	1.81307e-05	3.22747e-05	0.00000e+00	2	2	0	110310	61968	48342	0.00000e+00	0.00000e+00	0.00000e+00	0	0	0	18292	9042	9250	0.00000e+00	0.00000e+00	0.00000e+00	0	0	0	30202	22738	7464	2	7.95292e-06
chr14	24573824	rs1170590406	G	A	592.4	snv	1	4.06798e-06	0.00000e+00	8.88794e-06	1	0	1	245822	133310	112512	0.00000e+00	0.00000e+00	0.00000e+00	0	0	0	15850	6136	9714	2.93531e-05	0.00000e+00	5.01907e-05	1	0	1	34068	14144	19924	0.00000e+00	0.00000e+00	0.00000e+00	0	0	0	21420	11158	10262	0.00000e+00	0.00000e+00	0.00000e+00	0	0	0	9786	5006	4780	0.00000e+00	0.00000e+00	0.00000e+00	0	0	0	110204	61926	48278	0.00000e+00	0.00000e+00	0.00000e+00	0	0	0	18286	9042	9244	0.00000e+00	0.00000e+00	0.00000e+00	0	0	0	30210	22742	7468	1	3.97652e-06
chr14	24573827	rs779735779	G	A	1196.44	snv	1	4.07272e-06	7.50875e-06	0.00000e+00	1	1	0	245536	133178	112358	0.00000e+00	0.00000e+00	0.00000e+00	0	0	0	15832	6136	9696	0.00000e+00	0.00000e+00	0.00000e+00	0	0	0	33992	14114	19878	0.00000e+00	0.00000e+00	0.00000e+00	0	0	0	21418	11160	10258	0.00000e+00	0.00000e+00	0.00000e+00	0	0	0	9758	5002	4756	0.00000e+00	0.00000e+00	0.00000e+00	0	0	0	110112	61876	48236	0.00000e+00	0.00000e+00	0.00000e+00	0	0	0	18276	9034	9242	3.31543e-05	4.40373e-05	0.00000e+00	1	1	0	30162	22708	7454	1	3.97655e-06
chr14	24573828	rs751330800	A	T	1196.49	snv	1	4.07498e-06	7.51270e-06	0.00000e+00	1	1	0	245400	133108	112292	0.00000e+00	0.00000e+00	0.00000e+00	0	0	0	15824	6136	9688	0.00000e+00	0.00000e+00	0.00000e+00	0	0	0	33966	14114	19852	0.00000e+00	0.00000e+00	0.00000e+00	0	0	0	21386	11136	10250	0.00000e+00	0.00000e+00	0.00000e+00	0	0	0	9722	4980	4742	0.00000e+00	0.00000e+00	0.00000e+00	0	0	0	110084	61858	48226	0.00000e+00	0.00000e+00	0.00000e+00	0	0	0	18270	9028	9242	3.31521e-05	4.40373e-05	0.00000e+00	1	1	0	30164	22708	7456	1	3.97655e-06
chr14	24573832	rs1297537119	G	T	324.45	snv	1	4.11624e-06	0.00000e+00	8.99685e-06	1	0	1	242940	131790	111150	0.00000e+00	0.00000e+00	0.00000e+00	0	0	0	15720	6116	9604	0.00000e+00	0.00000e+00	0.00000e+00	0	0	0	33526	13924	19602	0.00000e+00	0.00000e+00	0.00000e+00	0	0	0	21234	11064	10170	0.00000e+00	0.00000e+00	0.00000e+00	0	0	0	9546	4892	4654	0.00000e+00	0.00000e+00	0.00000e+00	0	0	0	109108	61354	47754	5.51146e-05	0.00000e+00	1.09004e-04	1	0	1	18144	8970	9174	0.00000e+00	0.00000e+00	0.00000e+00	0	0	0	29754	22364	7390	1	3.97678e-06
chr14	24573836	rs754666608	C	T	1168.06	snv	1	8.28329e-06	7.63452e-06	9.05256e-06	2	1	1	241450	130984	110466	0.00000e+00	0.00000e+00	0.00000e+00	0	0	0	15650	6100	9550	0.00000e+00	0.00000e+00	0.00000e+00	0	0	0	33396	13864	19532	0.00000e+00	0.00000e+00	0.00000e+00	0	0	0	21084	10984	10100	0.00000e+00	0.00000e+00	0.00000e+00	0	0	0	9410	4830	4580	0.00000e+00	0.00000e+00	0.00000e+00	0	0	0	108458	61038	47420	1.10363e-04	1.11607e-04	1.09146e-04	2	1	1	18122	8960	9162	0.00000e+00	0.00000e+00	0.00000e+00	0	0	0	29460	22126	7334	2	7.95380e-06
chr14	24573845	rs780802129	G	A	2037.35	multi-snv	2	1.69156e-05	1.55652e-05	1.85226e-05	4	2	2	236468	128492	107976	0.00000e+00	0.00000e+00	0.00000e+00	0	0	0	15370	6054	9316	0.00000e+00	0.00000e+00	0.00000e+00	0	0	0	32596	13556	19040	4.86050e-05	0.00000e+00	1.01688e-04	1	0	1	20574	10740	9834	0.00000e+00	0.00000e+00	0.00000e+00	0	0	0	9042	4630	4412	0.00000e+00	0.00000e+00	0.00000e+00	0	0	0	106504	60098	46406	1.67224e-04	2.25225e-04	1.10375e-04	3	2	1	17940	8880	9060	0.00000e+00	0.00000e+00	0.00000e+00	0	0	0	28716	21518	7198	4	1.59112e-05
chr14	24573845	rs780802129	G	C	2037.35	multi-snv	2	4.22890e-06	7.78259e-06	0.00000e+00	1	1	0	236468	128492	107976	0.00000e+00	0.00000e+00	0.00000e+00	0	0	0	15370	6054	9316	0.00000e+00	0.00000e+00	0.00000e+00	0	0	0	32596	13556	19040	0.00000e+00	0.00000e+00	0.00000e+00	0	0	0	20574	10740	9834	0.00000e+00	0.00000e+00	0.00000e+00	0	0	0	9042	4630	4412	0.00000e+00	0.00000e+00	0.00000e+00	0	0	0	106504	60098	46406	5.57414e-05	1.12613e-04	0.00000e+00	1	1	0	17940	8880	9060	0.00000e+00	0.00000e+00	0.00000e+00	0	0	0	28716	21518	7198	2	7.95558e-06
chr14	24573854	rs1369825212	C	T	506.61	snv	1	8.78735e-06	8.06647e-06	9.64972e-06	2	1	1	227600	123970	103630	0.00000e+00	0.00000e+00	0.00000e+00	0	0	0	15040	5982	9058	0.00000e+00	0.00000e+00	0.00000e+00	0	0	0	31120	13056	18064	1.01440e-04	9.61354e-05	1.07365e-04	2	1	1	19716	10402	9314	0.00000e+00	0.00000e+00	0.00000e+00	0	0	0	8306	4230	4076	0.00000e+00	0.00000e+00	0.00000e+00	0	0	0	103284	58500	44784	0.00000e+00	0.00000e+00	0.00000e+00	0	0	0	17622	8740	8882	0.00000e+00	0.00000e+00	0.00000e+00	0	0	0	27036	20174	6862	3	1.19383e-05
chr14	24573862	rs1885597	T	G	100997153.91	snv	1	5.22585e-01	5.11273e-01	5.36095e-01	116269	61909	54360	222488	121088	101400	5.50256e-01	5.45286e-01	5.53563e-01	8179	3239	4940	14864	5940	8924	7.79186e-01	7.71668e-01	7.84623e-01	23907	9936	13971	30682	12876	17806	5.07738e-01	5.07862e-01	5.07598e-01	9646	5103	4543	18998	10048	8950	4.48368e-01	4.50857e-01	4.45820e-01	3517	1789	1728	7844	3968	3876	4.60130e-01	4.61234e-01	4.58682e-01	46532	26461	20071	101128	57370	43758	5.13278e-01	5.15498e-01	5.11104e-01	8968	4457	4511	17472	8646	8826	4.86997e-01	4.87131e-01	4.86611e-01	12734	9463	3271	26148	19426	6722	129377	5.15812e-01
chr14	24574194	rs556852293	C	A	1393.84	snv	1	4.38766e-06	8.04751e-06	0.00000e+00	1	1	0	227912	124262	103650	6.78610e-05	1.74398e-04	0.00000e+00	1	1	0	14736	5734	9002	0.00000e+00	0.00000e+00	0.00000e+00	0	0	0	33894	14024	19870	0.00000e+00	0.00000e+00	0.00000e+00	0	0	0	10594	6070	4524	0.00000e+00	0.00000e+00	0.00000e+00	0	0	0	9474	4854	4620	0.00000e+00	0.00000e+00	0.00000e+00	0	0	0	106440	59776	46664	0.00000e+00	0.00000e+00	0.00000e+00	0	0	0	17792	8772	9020	0.00000e+00	0.00000e+00	0.00000e+00	0	0	0	29190	21974	7216	5	2.01428e-05
chr14	24574195	rs781392047	T	C	12329.85	snv	1	5.68023e-05	6.41221e-05	4.80298e-05	13	8	5	228864	124762	104102	6.75767e-05	0.00000e+00	1.10644e-04	1	0	1	14798	5760	9038	2.94638e-05	7.12657e-05	0.00000e+00	1	1	0	33940	14032	19908	0.00000e+00	0.00000e+00	0.00000e+00	0	0	0	10696	6120	4576	1.04932e-04	0.00000e+00	2.15517e-04	1	0	1	9530	4890	4640	9.35279e-05	1.16663e-04	6.39413e-05	10	7	3	106920	60002	46918	0.00000e+00	0.00000e+00	0.00000e+00	0	0	0	17818	8778	9040	0.00000e+00	0.00000e+00	0.00000e+00	0	0	0	29354	22114	7240	16	6.44335e-05
chr14	24574200	rs374388609	G	C	3404.9	snv	1	1.29671e-05	0.00000e+00	2.85057e-05	3	0	3	231354	126112	105242	0.00000e+00	0.00000e+00	0.00000e+00	0	0	0	15186	5828	9358	0.00000e+00	0.00000e+00	0.00000e+00	0	0	0	34034	14100	19934	0.00000e+00	0.00000e+00	0.00000e+00	0	0	0	10904	6220	4684	0.00000e+00	0.00000e+00	0.00000e+00	0	0	0	9642	4954	4688	2.77598e-05	0.00000e+00	6.32911e-05	3	0	3	108070	60670	47400	0.00000e+00	0.00000e+00	0.00000e+00	0	0	0	17876	8818	9058	0.00000e+00	0.00000e+00	0.00000e+00	0	0	0	29788	22442	7346	4	1.60918e-05
chr14	24574210	rs774615715	C	G	506.31	multi-snv	2	4.26658e-06	0.00000e+00	9.36838e-06	1	0	1	234380	127638	106742	0.00000e+00	0.00000e+00	0.00000e+00	0	0	0	15512	5916	9596	0.00000e+00	0.00000e+00	0.00000e+00	0	0	0	34186	14156	20030	0.00000e+00	0.00000e+00	0.00000e+00	0	0	0	11160	6352	4808	0.00000e+00	0.00000e+00	0.00000e+00	0	0	0	9798	5038	4760	9.12409e-06	0.00000e+00	2.07572e-05	1	0	1	109600	61424	48176	0.00000e+00	0.00000e+00	0.00000e+00	0	0	0	17998	8870	9128	0.00000e+00	0.00000e+00	0.00000e+00	0	0	0	30204	22764	7440	1	4.01694e-06
chr14	24574210	rs774615715	C	T	506.31	multi-snv	2	4.26658e-06	7.83466e-06	0.00000e+00	1	1	0	234380	127638	106742	0.00000e+00	0.00000e+00	0.00000e+00	0	0	0	15512	5916	9596	0.00000e+00	0.00000e+00	0.00000e+00	0	0	0	34186	14156	20030	0.00000e+00	0.00000e+00	0.00000e+00	0	0	0	11160	6352	4808	0.00000e+00	0.00000e+00	0.00000e+00	0	0	0	9798	5038	4760	0.00000e+00	0.00000e+00	0.00000e+00	0	0	0	109600	61424	48176	0.00000e+00	0.00000e+00	0.00000e+00	0	0	0	17998	8870	9128	3.31082e-05	4.39290e-05	0.00000e+00	1	1	0	30204	22764	7440	1	4.01694e-06
chr14	24574212	rs756479736	C	T	11999.49	snv	1	5.10873e-05	3.90949e-05	6.54218e-05	12	5	7	234892	127894	106998	0.00000e+00	0.00000e+00	0.00000e+00	0	0	0	15572	5922	9650	8.76527e-05	1.41203e-04	4.98455e-05	3	2	1	34226	14164	20062	0.00000e+00	0.00000e+00	0.00000e+00	0	0	0	11212	6374	4838	0.00000e+00	0.00000e+00	0.00000e+00	0	0	0	9824	5052	4772	7.28160e-05	4.87155e-05	1.03554e-04	8	3	5	109866	61582	48284	0.00000e+00	0.00000e+00	0.00000e+00	0	0	0	18000	8862	9138	0.00000e+00	0.00000e+00	0.00000e+00	0	0	0	30256	22806	7450	12	4.81777e-05
chr14	24574215	rs1465526260	G	A	2344.67	multi-snv	2	4.24661e-06	7.80384e-06	0.00000e+00	1	1	0	235482	128142	107340	0.00000e+00	0.00000e+00	0.00000e+00	0	0	0	15658	5928	9730	2.91988e-05	7.05816e-05	0.00000e+00	1	1	0	34248	14168	20080	0.00000e+00	0.00000e+00	0.00000e+00	0	0	0	11312	6418	4894	0.00000e+00	0.00000e+00	0.00000e+00	0	0	0	9872	5072	4800	0.00000e+00	0.00000e+00	0.00000e+00	0	0	0	110104	61690	48414	0.00000e+00	0.00000e+00	0.00000e+00	0	0	0	18008	8876	9132	0.00000e+00	0.00000e+00	0.00000e+00	0	0	0	30334	22860	7474	2	8.02298e-06
chr14	24574215	rs1465526260	G	C	2344.67	multi-snv	2	4.24661e-06	0.00000e+00	9.31619e-06	1	0	1	235482	128142	107340	0.00000e+00	0.00000e+00	0.00000e+00	0	0	0	15658	5928	9730	0.00000e+00	0.00000e+00	0.00000e+00	0	0	0	34248	14168	20080	0.00000e+00	0.00000e+00	0.00000e+00	0	0	0	11312	6418	4894	0.00000e+00	0.00000e+00	0.00000e+00	0	0	0	9872	5072	4800	0.00000e+00	0.00000e+00	0.00000e+00	0	0	0	110104	61690	48414	0.00000e+00	0.00000e+00	0.00000e+00	0	0	0	18008	8876	9132	3.29663e-05	0.00000e+00	1.33797e-04	1	0	1	30334	22860	7474	2	8.02298e-06
chr14	24574216	rs376077248	G	C	35643.93	snv	1	9.74932e-05	1.09038e-04	8.37069e-05	23	14	9	235914	128396	107518	6.36780e-05	0.00000e+00	1.02438e-04	1	0	1	15704	5942	9762	0.00000e+00	0.00000e+00	0.00000e+00	0	0	0	34242	14174	20068	0.00000e+00	0.00000e+00	0.00000e+00	0	0	0	11342	6432	4910	0.00000e+00	0.00000e+00	0.00000e+00	0	0	0	9892	5082	4810	1.81179e-04	2.26325e-04	1.23635e-04	20	14	6	110388	61858	48530	0.00000e+00	0.00000e+00	0.00000e+00	0	0	0	18026	8886	9140	0.00000e+00	0.00000e+00	0.00000e+00	0	0	0	30364	22886	7478	24	9.62472e-05
chr14	24574220	rs1417544108	G	T	1521.82	snv	1	4.22504e-06	7.76615e-06	0.00000e+00	1	1	0	236684	128764	107920	0.00000e+00	0.00000e+00	0.00000e+00	0	0	0	15758	5964	9794	0.00000e+00	0.00000e+00	0.00000e+00	0	0	0	34298	14188	20110	0.00000e+00	0.00000e+00	0.00000e+00	0	0	0	11422	6466	4956	0.00000e+00	0.00000e+00	0.00000e+00	0	0	0	9916	5088	4828	0.00000e+00	0.00000e+00	0.00000e+00	0	0	0	110806	62060	48746	0.00000e+00	0.00000e+00	0.00000e+00	0	0	0	18064	8908	9156	3.28537e-05	4.35844e-05	0.00000e+00	1	1	0	30438	22944	7494	2	8.01398e-06
chr14	24574222	rs371534352	G	A	11851.86	snv	1	3.37687e-05	1.55169e-05	5.55484e-05	8	2	6	236906	128892	108014	6.33714e-05	0.00000e+00	1.01937e-04	1	0	1	15780	5970	9810	0.00000e+00	0.00000e+00	0.00000e+00	0	0	0	34314	14190	20124	0.00000e+00	0.00000e+00	0.00000e+00	0	0	0	11454	6486	4968	0.00000e+00	0.00000e+00	0.00000e+00	0	0	0	9928	5098	4830	6.30983e-05	3.21854e-05	1.02463e-04	7	2	5	110938	62140	48798	0.00000e+00	0.00000e+00	0.00000e+00	0	0	0	18078	8914	9164	0.00000e+00	0.00000e+00	0.00000e+00	0	0	0	30440	22950	7490	8	3.20477e-05
chr14	24574223	rs764095041	T	C	203.55	snv	1	4.21781e-06	7.75206e-06	0.00000e+00	1	1	0	237090	128998	108092	0.00000e+00	0.00000e+00	0.00000e+00	0	0	0	15794	5974	9820	0.00000e+00	0.00000e+00	0.00000e+00	0	0	0	34324	14200	20124	0.00000e+00	0.00000e+00	0.00000e+00	0	0	0	11508	6510	4998	0.00000e+00	0.00000e+00	0.00000e+00	0	0	0	9924	5094	4830	0.00000e+00	0.00000e+00	0.00000e+00	0	0	0	111012	62184	48828	0.00000e+00	0.00000e+00	0.00000e+00	0	0	0	18084	8922	9162	3.28299e-05	4.35426e-05	0.00000e+00	1	1	0	30460	22966	7494	1	4.00545e-06
chr14	24574224	rs1368958240	T	TGGC	266.56	indel	1	4.21606e-06	7.75002e-06	0.00000e+00	1	1	0	237188	129032	108156	0.00000e+00	0.00000e+00	0.00000e+00	0	0	0	15802	5978	9824	0.00000e+00	0.00000e+00	0.00000e+00	0	0	0	34326	14200	20126	0.00000e+00	0.00000e+00	0.00000e+00	0	0	0	11500	6510	4990	0.00000e+00	0.00000e+00	0.00000e+00	0	0	0	9938	5102	4836	9.00106e-06	1.60741e-05	0.00000e+00	1	1	0	111098	62212	48886	0.00000e+00	0.00000e+00	0.00000e+00	0	0	0	18082	8920	9162	0.00000e+00	0.00000e+00	0.00000e+00	0	0	0	30460	22964	7496	1	4.00468e-06
chr14	24574237	rs776723505	T	C	1963.51	snv	1	8.39377e-06	7.71676e-06	9.20099e-06	2	1	1	238272	129588	108684	0.00000e+00	0.00000e+00	0.00000e+00	0	0	0	15870	5998	9872	0.00000e+00	0.00000e+00	0.00000e+00	0	0	0	34398	14226	20172	0.00000e+00	0.00000e+00	0.00000e+00	0	0	0	11630	6562	5068	0.00000e+00	0.00000e+00	0.00000e+00	0	0	0	9960	5112	4848	1.78926e-05	1.59739e-05	2.03351e-05	2	1	1	111778	62602	49176	0.00000e+00	0.00000e+00	0.00000e+00	0	0	0	18112	8938	9174	0.00000e+00	0.00000e+00	0.00000e+00	0	0	0	30518	23000	7518	2	7.99412e-06
chr14	24574244	rs1393377420	C	A	49405.44	snv	1	1.25700e-05	2.31175e-05	0.00000e+00	3	3	0	238664	129772	108892	0.00000e+00	0.00000e+00	0.00000e+00	0	0	0	15912	6006	9906	0.00000e+00	0.00000e+00	0.00000e+00	0	0	0	34414	14242	20172	0.00000e+00	0.00000e+00	0.00000e+00	0	0	0	11688	6594	5094	0.00000e+00	0.00000e+00	0.00000e+00	0	0	0	9976	5126	4850	2.67871e-05	4.78545e-05	0.00000e+00	3	3	0	111994	62690	49304	0.00000e+00	0.00000e+00	0.00000e+00	0	0	0	18122	8938	9184	0.00000e+00	0.00000e+00	0.00000e+00	0	0	0	30550	23026	7524	3	1.19796e-05
chr14	24574252	rs762829737	G	T	413.43	snv	1	4.18596e-06	0.00000e+00	9.17515e-06	1	0	1	238894	129904	108990	6.27195e-05	0.00000e+00	1.00908e-04	1	0	1	15944	6034	9910	0.00000e+00	0.00000e+00	0.00000e+00	0	0	0	34426	14244	20182	0.00000e+00	0.00000e+00	0.00000e+00	0	0	0	11690	6590	5100	0.00000e+00	0.00000e+00	0.00000e+00	0	0	0	9980	5128	4852	0.00000e+00	0.00000e+00	0.00000e+00	0	0	0	112154	62796	49358	0.00000e+00	0.00000e+00	0.00000e+00	0	0	0	18148	8944	9204	0.00000e+00	0.00000e+00	0.00000e+00	0	0	0	30542	23018	7524	1	3.99077e-06
chr14	24574266	rs766309822	C	A	1027.54	snv	1	8.33271e-06	1.53330e-05	0.00000e+00	2	2	0	240018	130438	109580	0.00000e+00	0.00000e+00	0.00000e+00	0	0	0	16064	6080	9984	0.00000e+00	0.00000e+00	0.00000e+00	0	0	0	34494	14276	20218	0.00000e+00	0.00000e+00	0.00000e+00	0	0	0	11842	6660	5182	0.00000e+00	0.00000e+00	0.00000e+00	0	0	0	10032	5152	4880	1.77358e-05	3.17007e-05	0.00000e+00	2	2	0	112766	63090	49676	0.00000e+00	0.00000e+00	0.00000e+00	0	0	0	18214	8974	9240	0.00000e+00	0.00000e+00	0.00000e+00	0	0	0	30576	23044	7532	2	7.96749e-06
chr14	24574268	rs751406281	G	A	4189.89	multi-snv	2	4.16510e-06	7.66460e-06	0.00000e+00	1	1	0	240090	130470	109620	0.00000e+00	0.00000e+00	0.00000e+00	0	0	0	16072	6084	9988	0.00000e+00	0.00000e+00	0.00000e+00	0	0	0	34492	14276	20216	0.00000e+00	0.00000e+00	0.00000e+00	0	0	0	11870	6670	5200	0.00000e+00	0.00000e+00	0.00000e+00	0	0	0	10034	5152	4882	0.00000e+00	0.00000e+00	0.00000e+00	0	0	0	112794	63102	49692	0.00000e+00	0.00000e+00	0.00000e+00	0	0	0	18216	8978	9238	3.27075e-05	4.33990e-05	0.00000e+00	1	1	0	30574	23042	7532	4	1.59316e-05
chr14	24574268	rs751406281	G	T	4189.89	multi-snv	2	8.33021e-06	7.66460e-06	9.12242e-06	2	1	1	240090	130470	109620	0.00000e+00	0.00000e+00	0.00000e+00	0	0	0	16072	6084	9988	0.00000e+00	0.00000e+00	0.00000e+00	0	0	0	34492	14276	20216	0.00000e+00	0.00000e+00	0.00000e+00	0	0	0	11870	6670	5200	0.00000e+00	0.00000e+00	0.00000e+00	0	0	0	10034	5152	4882	0.00000e+00	0.00000e+00	0.00000e+00	0	0	0	112794	63102	49692	0.00000e+00	0.00000e+00	0.00000e+00	0	0	0	18216	8978	9238	6.54151e-05	4.33990e-05	1.32767e-04	2	1	1	30574	23042	7532	5	1.99144e-05
chr14	24574270	rs767226793	C	T	1194.56	snv	1	4.16230e-06	7.65967e-06	0.00000e+00	1	1	0	240252	130554	109698	0.00000e+00	0.00000e+00	0.00000e+00	0	0	0	16070	6084	9986	0.00000e+00	0.00000e+00	0.00000e+00	0	0	0	34502	14280	20222	0.00000e+00	0.00000e+00	0.00000e+00	0	0	0	11916	6688	5228	0.00000e+00	0.00000e+00	0.00000e+00	0	0	0	10040	5158	4882	0.00000e+00	0.00000e+00	0.00000e+00	0	0	0	112870	63146	49724	5.48306e-05	1.11235e-04	0.00000e+00	1	1	0	18238	8990	9248	0.00000e+00	0.00000e+00	0.00000e+00	0	0	0	30574	23040	7534	2	7.96362e-06
chr14	24574271	rs771506740	G	C	22653.15	multi-snv	3	1.24797e-05	7.65497e-06	1.82222e-05	3	1	2	240390	130634	109756	0.00000e+00	0.00000e+00	0.00000e+00	0	0	0	16094	6098	9996	8.69263e-05	7.00084e-05	9.88728e-05	3	1	2	34512	14284	20228	0.00000e+00	0.00000e+00	0.00000e+00	0	0	0	11942	6708	5234	0.00000e+00	0.00000e+00	0.00000e+00	0	0	0	10038	5156	4882	0.00000e+00	0.00000e+00	0.00000e+00	0	0	0	112926	63178	49748	0.00000e+00	0.00000e+00	0.00000e+00	0	0	0	18254	8994	9260	0.00000e+00	0.00000e+00	0.00000e+00	0	0	0	30576	23044	7532	3	1.19444e-05
chr14	24574273	rs753892464	T	TC	407.94	indel	1	4.15700e-06	7.64935e-06	0.00000e+00	1	1	0	240558	130730	109828	0.00000e+00	0.00000e+00	0.00000e+00	0	0	0	16112	6108	10004	0.00000e+00	0.00000e+00	0.00000e+00	0	0	0	34520	14288	20232	0.00000e+00	0.00000e+00	0.00000e+00	0	0	0	12000	6732	5268	0.00000e+00	0.00000e+00	0.00000e+00	0	0	0	10044	5160	4884	0.00000e+00	0.00000e+00	0.00000e+00	0	0	0	112984	63218	49766	5.47465e-05	1.11062e-04	0.00000e+00	1	1	0	18266	9004	9262	0.00000e+00	0.00000e+00	0.00000e+00	0	0	0	30584	23050	7534	1	3.98076e-06
chr14	24574275	rs1231935403	C	T	2209.66	snv	1	4.15493e-06	7.64596e-06	0.00000e+00	1	1	0	240678	130788	109890	0.00000e+00	0.00000e+00	0.00000e+00	0	0	0	16124	6116	10008	0.00000e+00	0.00000e+00	0.00000e+00	0	0	0	34524	14288	20236	0.00000e+00	0.00000e+00	0.00000e+00	0	0	0	12050	6748	5302	0.00000e+00	0.00000e+00	0.00000e+00	0	0	0	10046	5160	4886	8.84815e-06	1.58103e-05	0.00000e+00	1	1	0	113018	63250	49768	0.00000e+00	0.00000e+00	0.00000e+00	0	0	0	18276	9004	9272	0.00000e+00	0.00000e+00	0.00000e+00	0	0	0	30584	23050	7534	2	7.96058e-06
chr14	24574278	rs992483433	C	T	7898.51	snv	1	1.24546e-05	1.52821e-05	9.09074e-06	3	2	1	240874	130872	110002	0.00000e+00	0.00000e+00	0.00000e+00	0	0	0	16132	6118	10014	0.00000e+00	0.00000e+00	0.00000e+00	0	0	0	34540	14292	20248	0.00000e+00	0.00000e+00	0.00000e+00	0	0	0	12128	6788	5340	0.00000e+00	0.00000e+00	0.00000e+00	0	0	0	10052	5166	4886	2.65257e-05	3.16066e-05	2.00723e-05	3	2	1	113098	63278	49820	0.00000e+00	0.00000e+00	0.00000e+00	0	0	0	18280	9004	9276	0.00000e+00	0.00000e+00	0.00000e+00	0	0	0	30586	23052	7534	3	1.19395e-05
chr14	24574291	rs1210885671	C	CT	1034.39	indel	1	4.14164e-06	0.00000e+00	9.06849e-06	1	0	1	241450	131178	110272	0.00000e+00	0.00000e+00	0.00000e+00	0	0	0	16178	6148	10030	0.00000e+00	0.00000e+00	0.00000e+00	0	0	0	34556	14300	20256	0.00000e+00	0.00000e+00	0.00000e+00	0	0	0	12416	6952	5464	0.00000e+00	0.00000e+00	0.00000e+00	0	0	0	10056	5160	4896	8.82924e-06	0.00000e+00	2.00393e-05	1	0	1	113260	63358	49902	0.00000e+00	0.00000e+00	0.00000e+00	0	0	0	18314	9020	9294	0.00000e+00	0.00000e+00	0.00000e+00	0	0	0	30602	23062	7540	1	3.97852e-06
chr14	24574295	rs752353482	G	A	3335.42	multi-snv	2	4.13787e-06	7.61731e-06	0.00000e+00	1	1	0	241670	131280	110390	0.00000e+00	0.00000e+00	0.00000e+00	0	0	0	16180	6146	10034	0.00000e+00	0.00000e+00	0.00000e+00	0	0	0	34558	14300	20258	0.00000e+00	0.00000e+00	0.00000e+00	0	0	0	12596	7038	5558	0.00000e+00	0.00000e+00	0.00000e+00	0	0	0	10060	5166	4894	0.00000e+00	0.00000e+00	0.00000e+00	0	0	0	113282	63362	49920	0.00000e+00	0.00000e+00	0.00000e+00	0	0	0	18324	9028	9296	3.26733e-05	4.33576e-05	0.00000e+00	1	1	0	30606	23064	7542	2	7.95596e-06
chr14	24574297	rs755738716	G	A	1067.45	snv	1	4.13514e-06	7.61267e-06	0.00000e+00	1	1	0	241830	131360	110470	0.00000e+00	0.00000e+00	0.00000e+00	0	0	0	16194	6156	10038	0.00000e+00	0.00000e+00	0.00000e+00	0	0	0	34560	14302	20258	0.00000e+00	0.00000e+00	0.00000e+00	0	0	0	12694	7076	5618	0.00000e+00	0.00000e+00	0.00000e+00	0	0	0	10060	5166	4894	8.82503e-06	1.57769e-05	0.00000e+00	1	1	0	113314	63384	49930	0.00000e+00	0.00000e+00	0.00000e+00	0	0	0	18330	9032	9298	0.00000e+00	0.00000e+00	0.00000e+00	0	0	0	30610	23066	7544	1	3.97782e-06
chr14	24574298	rs777174615	G	A	899.41	snv	1	4.13449e-06	0.00000e+00	9.05092e-06	1	0	1	241868	131382	110486	0.00000e+00	0.00000e+00	0.00000e+00	0	0	0	16196	6158	10038	0.00000e+00	0.00000e+00	0.00000e+00	0	0	0	34564	14306	20258	0.00000e+00	0.00000e+00	0.00000e+00	0	0	0	12712	7086	5626	0.00000e+00	0.00000e+00	0.00000e+00	0	0	0	10062	5168	4894	8.82394e-06	0.00000e+00	2.00248e-05	1	0	1	113328	63390	49938	0.00000e+00	0.00000e+00	0.00000e+00	0	0	0	18328	9030	9298	0.00000e+00	0.00000e+00	0.00000e+00	0	0	0	30610	23066	7544	1	3.97782e-06
chr14	24574299	rs748797409	G	A	5372.43	multi-snv	2	1.23992e-05	1.52184e-05	9.04715e-06	3	2	1	241952	131420	110532	0.00000e+00	0.00000e+00	0.00000e+00	0	0	0	16202	6162	10040	0.00000e+00	0.00000e+00	0.00000e+00	0	0	0	34562	14304	20258	0.00000e+00	0.00000e+00	0.00000e+00	0	0	0	12768	7118	5650	0.00000e+00	0.00000e+00	0.00000e+00	0	0	0	10056	5164	4892	2.64662e-05	3.15487e-05	2.00168e-05	3	2	1	113352	63394	49958	0.00000e+00	0.00000e+00	0.00000e+00	0	0	0	18334	9032	9302	0.00000e+00	0.00000e+00	0.00000e+00	0	0	0	30612	23068	7544	4	1.59109e-05
chr14	24574302	rs1476151995	G	A	2664.78	snv	1	8.25484e-06	7.59832e-06	9.03555e-06	2	1	1	242282	131608	110674	0.00000e+00	0.00000e+00	0.00000e+00	0	0	0	16196	6160	10036	2.89285e-05	6.98812e-05	0.00000e+00	1	1	0	34568	14310	20258	7.66518e-05	0.00000e+00	1.72831e-04	1	0	1	13046	7260	5786	0.00000e+00	0.00000e+00	0.00000e+00	0	0	0	10058	5162	4896	0.00000e+00	0.00000e+00	0.00000e+00	0	0	0	113392	63430	49962	0.00000e+00	0.00000e+00	0.00000e+00	0	0	0	18334	9034	9300	0.00000e+00	0.00000e+00	0.00000e+00	0	0	0	30614	23070	7544	7	2.78405e-05
chr14	24574304	rs757748807	A	G	662.01	snv	1	4.12296e-06	7.59221e-06	0.00000e+00	1	1	0	242544	131714	110830	0.00000e+00	0.00000e+00	0.00000e+00	0	0	0	16204	6160	10044	0.00000e+00	0.00000e+00	0.00000e+00	0	0	0	34574	14310	20264	0.00000e+00	0.00000e+00	0.00000e+00	0	0	0	13258	7358	5900	0.00000e+00	0.00000e+00	0.00000e+00	0	0	0	10056	5160	4896	8.81601e-06	1.57629e-05	0.00000e+00	1	1	0	113430	63440	49990	0.00000e+00	0.00000e+00	0.00000e+00	0	0	0	18336	9036	9300	0.00000e+00	0.00000e+00	0.00000e+00	0	0	0	30614	23070	7544	2	7.95412e-06
chr14	24574306	rs1416976566	G	A	10359.08	snv	1	4.11940e-06	7.58587e-06	0.00000e+00	1	1	0	242754	131824	110930	0.00000e+00	0.00000e+00	0.00000e+00	0	0	0	16210	6168	10042	0.00000e+00	0.00000e+00	0.00000e+00	0	0	0	34576	14312	20264	0.00000e+00	0.00000e+00	0.00000e+00	0	0	0	13404	7436	5968	0.00000e+00	0.00000e+00	0.00000e+00	0	0	0	10060	5166	4894	8.81306e-06	1.57609e-05	0.00000e+00	1	1	0	113468	63448	50020	0.00000e+00	0.00000e+00	0.00000e+00	0	0	0	18346	9040	9306	0.00000e+00	0.00000e+00	0.00000e+00	0	0	0	30614	23070	7544	1	3.97703e-06
chr14	24574308	rs1457559478	A	G	2407.37	snv	1	4.11719e-06	7.58231e-06	0.00000e+00	1	1	0	242884	131886	110998	0.00000e+00	0.00000e+00	0.00000e+00	0	0	0	16214	6172	10042	0.00000e+00	0.00000e+00	0.00000e+00	0	0	0	34580	14314	20266	0.00000e+00	0.00000e+00	0.00000e+00	0	0	0	13518	7478	6040	0.00000e+00	0.00000e+00	0.00000e+00	0	0	0	10062	5166	4896	8.81259e-06	1.57570e-05	0.00000e+00	1	1	0	113474	63464	50010	0.00000e+00	0.00000e+00	0.00000e+00	0	0	0	18344	9038	9306	0.00000e+00	0.00000e+00	0.00000e+00	0	0	0	30614	23070	7544	1	3.97700e-06
chr14	24574309	rs1160897368	C	A	2003.43	snv	1	4.11567e-06	0.00000e+00	9.00479e-06	1	0	1	242974	131922	111052	0.00000e+00	0.00000e+00	0.00000e+00	0	0	0	16218	6174	10044	0.00000e+00	0.00000e+00	0.00000e+00	0	0	0	34582	14316	20266	0.00000e+00	0.00000e+00	0.00000e+00	0	0	0	13584	7510	6074	0.00000e+00	0.00000e+00	0.00000e+00	0	0	0	10064	5166	4898	8.81135e-06	0.00000e+00	1.99896e-05	1	0	1	113490	63464	50026	0.00000e+00	0.00000e+00	0.00000e+00	0	0	0	18344	9038	9306	0.00000e+00	0.00000e+00	0.00000e+00	0	0	0	30614	23070	7544	2	7.95399e-06
chr14	24574310	rs376311521	C	G	6043.37	multi-snv	2	4.11533e-06	7.58024e-06	0.00000e+00	1	1	0	242994	131922	111072	0.00000e+00	0.00000e+00	0.00000e+00	0	0	0	16214	6168	10046	0.00000e+00	0.00000e+00	0.00000e+00	0	0	0	34580	14314	20266	0.00000e+00	0.00000e+00	0.00000e+00	0	0	0	13604	7514	6090	0.00000e+00	0.00000e+00	0.00000e+00	0	0	0	10064	5166	4898	0.00000e+00	0.00000e+00	0.00000e+00	0	0	0	113500	63474	50026	0.00000e+00	0.00000e+00	0.00000e+00	0	0	0	18342	9036	9306	3.26669e-05	4.33501e-05	0.00000e+00	1	1	0	30612	23068	7544	1	3.97690e-06
chr14	24574310	rs376311521	C	T	6043.37	multi-snv	2	1.64613e-05	1.51605e-05	1.80063e-05	4	2	2	242994	131922	111072	0.00000e+00	0.00000e+00	0.00000e+00	0	0	0	16214	6168	10046	0.00000e+00	0.00000e+00	0.00000e+00	0	0	0	34580	14314	20266	0.00000e+00	0.00000e+00	0.00000e+00	0	0	0	13604	7514	6090	0.00000e+00	0.00000e+00	0.00000e+00	0	0	0	10064	5166	4898	3.52423e-05	3.15090e-05	3.99792e-05	4	2	2	113500	63474	50026	0.00000e+00	0.00000e+00	0.00000e+00	0	0	0	18342	9036	9306	0.00000e+00	0.00000e+00	0.00000e+00	0	0	0	30612	23068	7544	6	2.38614e-05
chr14	24574311	rs145092554	G	A	278876.29	snv	1	5.88235e-04	4.09085e-04	8.01095e-04	143	54	89	243100	132002	111098	8.07645e-03	7.77958e-03	8.25871e-03	131	48	83	16220	6170	10050	2.60266e-04	3.49308e-04	1.97375e-04	9	5	4	34580	14314	20266	0.00000e+00	0.00000e+00	0.00000e+00	0	0	0	13702	7580	6122	0.00000e+00	0.00000e+00	0.00000e+00	0	0	0	10064	5168	4896	1.76221e-05	1.57540e-05	1.99928e-05	2	1	1	113494	63476	50018	0.00000e+00	0.00000e+00	0.00000e+00	0	0	0	18344	9038	9306	0.00000e+00	0.00000e+00	0.00000e+00	0	0	0	30614	23070	7544	144	5.72660e-04
chr14	24574315	rs775937279	A	G	1060.4	snv	1	4.10654e-06	0.00000e+00	8.98602e-06	1	0	1	243514	132230	111284	0.00000e+00	0.00000e+00	0.00000e+00	0	0	0	16232	6180	10052	0.00000e+00	0.00000e+00	0.00000e+00	0	0	0	34584	14318	20266	0.00000e+00	0.00000e+00	0.00000e+00	0	0	0	14036	7762	6274	0.00000e+00	0.00000e+00	0.00000e+00	0	0	0	10066	5168	4898	8.80700e-06	0.00000e+00	1.99816e-05	1	0	1	113546	63500	50046	0.00000e+00	0.00000e+00	0.00000e+00	0	0	0	18346	9042	9304	0.00000e+00	0.00000e+00	0.00000e+00	0	0	0	30614	23070	7544	2	7.95336e-06
chr14	24574316	rs1356740947	T	C	1337.51	snv	1	4.10465e-06	0.00000e+00	8.98166e-06	1	0	1	243626	132288	111338	0.00000e+00	0.00000e+00	0.00000e+00	0	0	0	16230	6180	10050	0.00000e+00	0.00000e+00	0.00000e+00	0	0	0	34584	14318	20266	0.00000e+00	0.00000e+00	0.00000e+00	0	0	0	14140	7814	6326	0.00000e+00	0.00000e+00	0.00000e+00	0	0	0	10066	5168	4898	8.80638e-06	0.00000e+00	1.99800e-05	1	0	1	113554	63504	50050	0.00000e+00	0.00000e+00	0.00000e+00	0	0	0	18350	9044	9306	0.00000e+00	0.00000e+00	0.00000e+00	0	0	0	30614	23070	7544	1	3.97665e-06
chr14	24574318	rs747255888	C	T	12770.18	snv	1	4.51249e-05	6.04522e-05	2.69222e-05	11	8	3	243768	132336	111432	0.00000e+00	0.00000e+00	0.00000e+00	0	0	0	16230	6178	10052	0.00000e+00	0.00000e+00	0.00000e+00	0	0	0	34586	14320	20266	0.00000e+00	0.00000e+00	0.00000e+00	0	0	0	14292	7876	6416	0.00000e+00	0.00000e+00	0.00000e+00	0	0	0	10066	5168	4898	7.04585e-05	1.10254e-04	1.99792e-05	8	7	1	113542	63490	50052	1.63506e-04	1.10571e-04	2.14961e-04	3	1	2	18348	9044	9304	0.00000e+00	0.00000e+00	0.00000e+00	0	0	0	30614	23070	7544	18	7.15797e-05
chr14	24574319	rs536120004	G	T	8677.98	snv	1	1.63908e-05	1.50975e-05	1.79263e-05	4	2	2	244040	132472	111568	1.84843e-04	3.23729e-04	9.94827e-05	3	2	1	16230	6178	10052	2.89151e-05	0.00000e+00	4.93486e-05	1	0	1	34584	14320	20264	0.00000e+00	0.00000e+00	0.00000e+00	0	0	0	14550	7996	6554	0.00000e+00	0.00000e+00	0.00000e+00	0	0	0	10068	5170	4898	0.00000e+00	0.00000e+00	0.00000e+00	0	0	0	113548	63500	50048	0.00000e+00	0.00000e+00	0.00000e+00	0	0	0	18356	9048	9308	0.00000e+00	0.00000e+00	0.00000e+00	0	0	0	30614	23070	7544	5	1.98829e-05
chr14	24574320	rs776614375	G	C	847.37	snv	1	4.09594e-06	0.00000e+00	8.95849e-06	1	0	1	244144	132518	111626	0.00000e+00	0.00000e+00	0.00000e+00	0	0	0	16234	6180	10054	0.00000e+00	0.00000e+00	0.00000e+00	0	0	0	34586	14320	20266	0.00000e+00	0.00000e+00	0.00000e+00	0	0	0	14636	8024	6612	0.00000e+00	0.00000e+00	0.00000e+00	0	0	0	10068	5170	4898	0.00000e+00	0.00000e+00	0.00000e+00	0	0	0	113554	63512	50042	5.44662e-05	0.00000e+00	1.07434e-04	1	0	1	18360	9052	9308	0.00000e+00	0.00000e+00	0.00000e+00	0	0	0	30614	23070	7544	1	3.97662e-06
chr14	24574326	rs375783811	C	T	4023.42	snv	1	8.16953e-06	1.50559e-05	0.00000e+00	2	2	0	244812	132838	111974	0.00000e+00	0.00000e+00	0.00000e+00	0	0	0	16238	6182	10056	0.00000e+00	0.00000e+00	0.00000e+00	0	0	0	34586	14320	20266	0.00000e+00	0.00000e+00	0.00000e+00	0	0	0	15248	8324	6924	0.00000e+00	0.00000e+00	0.00000e+00	0	0	0	10074	5176	4898	0.00000e+00	0.00000e+00	0.00000e+00	0	0	0	113582	63514	50068	0.00000e+00	0.00000e+00	0.00000e+00	0	0	0	18370	9054	9316	6.53296e-05	8.66927e-05	0.00000e+00	2	2	0	30614	23070	7544	3	1.19297e-05
chr14	24574333	rs761931659	T	C	1427.37	snv	1	4.06994e-06	7.50525e-06	0.00000e+00	1	1	0	245704	133240	112464	0.00000e+00	0.00000e+00	0.00000e+00	0	0	0	16240	6182	10058	0.00000e+00	0.00000e+00	0.00000e+00	0	0	0	34588	14320	20268	0.00000e+00	0.00000e+00	0.00000e+00	0	0	0	16070	8690	7380	0.00000e+00	0.00000e+00	0.00000e+00	0	0	0	10072	5174	4898	0.00000e+00	0.00000e+00	0.00000e+00	0	0	0	113632	63546	50086	0.00000e+00	0.00000e+00	0.00000e+00	0	0	0	18380	9058	9322	3.26627e-05	4.33426e-05	0.00000e+00	1	1	0	30616	23072	7544	1	3.97636e-06
chr14	24574334	rs368526295	C	T	11650.54	snv	1	1.62742e-05	2.25083e-05	8.88857e-06	4	3	1	245788	133284	112504	0.00000e+00	0.00000e+00	0.00000e+00	0	0	0	16244	6184	10060	0.00000e+00	0.00000e+00	0.00000e+00	0	0	0	34588	14320	20268	0.00000e+00	0.00000e+00	0.00000e+00	0	0	0	16138	8720	7418	0.00000e+00	0.00000e+00	0.00000e+00	0	0	0	10072	5174	4898	3.51989e-05	4.72025e-05	1.99665e-05	4	3	1	113640	63556	50084	0.00000e+00	0.00000e+00	0.00000e+00	0	0	0	18384	9060	9324	0.00000e+00	0.00000e+00	0.00000e+00	0	0	0	30616	23072	7544	5	1.98818e-05
chr14	24574340	rs1484728167	G	C	927.48	snv	1	4.06002e-06	0.00000e+00	8.86666e-06	1	0	1	246304	133522	112782	0.00000e+00	0.00000e+00	0.00000e+00	0	0	0	16248	6184	10064	0.00000e+00	0.00000e+00	0.00000e+00	0	0	0	34586	14318	20268	0.00000e+00	0.00000e+00	0.00000e+00	0	0	0	16636	8948	7688	0.00000e+00	0.00000e+00	0.00000e+00	0	0	0	10074	5174	4900	8.79879e-06	0.00000e+00	1.99657e-05	1	0	1	113652	63566	50086	0.00000e+00	0.00000e+00	0.00000e+00	0	0	0	18384	9062	9322	0.00000e+00	0.00000e+00	0.00000e+00	0	0	0	30616	23072	7544	1	3.97627e-06
chr14	24574341	rs1185784984	C	T	927.42	snv	1	4.05795e-06	0.00000e+00	8.86116e-06	1	0	1	246430	133578	112852	0.00000e+00	0.00000e+00	0.00000e+00	0	0	0	16248	6184	10064	0.00000e+00	0.00000e+00	0.00000e+00	0	0	0	34588	14320	20268	0.00000e+00	0.00000e+00	0.00000e+00	0	0	0	16752	8998	7754	0.00000e+00	0.00000e+00	0.00000e+00	0	0	0	10074	5174	4900	8.79817e-06	0.00000e+00	1.99641e-05	1	0	1	113660	63570	50090	0.00000e+00	0.00000e+00	0.00000e+00	0	0	0	18384	9062	9322	0.00000e+00	0.00000e+00	0.00000e+00	0	0	0	30616	23072	7544	3	1.19288e-05
chr14	24574347	rs774269727	C	G	1491.37	snv	1	4.04724e-06	7.46804e-06	0.00000e+00	1	1	0	247082	133904	113178	0.00000e+00	0.00000e+00	0.00000e+00	0	0	0	16246	6184	10062	0.00000e+00	0.00000e+00	0.00000e+00	0	0	0	34590	14322	20268	0.00000e+00	0.00000e+00	0.00000e+00	0	0	0	17382	9318	8064	0.00000e+00	0.00000e+00	0.00000e+00	0	0	0	10072	5172	4900	8.79693e-06	1.57292e-05	0.00000e+00	1	1	0	113676	63576	50100	0.00000e+00	0.00000e+00	0.00000e+00	0	0	0	18388	9062	9326	0.00000e+00	0.00000e+00	0.00000e+00	0	0	0	30616	23072	7544	1	3.97624e-06
chr14	24574357	rs759404752	T	C	2078.41	snv	1	4.03375e-06	7.44568e-06	0.00000e+00	1	1	0	247908	134306	113602	0.00000e+00	0.00000e+00	0.00000e+00	0	0	0	16252	6186	10066	2.89101e-05	6.98227e-05	0.00000e+00	1	1	0	34590	14322	20268	0.00000e+00	0.00000e+00	0.00000e+00	0	0	0	18188	9710	8478	0.00000e+00	0.00000e+00	0.00000e+00	0	0	0	10076	5176	4900	0.00000e+00	0.00000e+00	0.00000e+00	0	0	0	113684	63578	50106	0.00000e+00	0.00000e+00	0.00000e+00	0	0	0	18388	9062	9326	0.00000e+00	0.00000e+00	0.00000e+00	0	0	0	30616	23072	7544	1	3.97621e-06
chr14	24574360	rs192161857	C	T	8403.25	snv	1	2.01538e-05	1.48812e-05	2.63866e-05	5	2	3	248092	134398	113694	0.00000e+00	0.00000e+00	0.00000e+00	0	0	0	16246	6186	10060	0.00000e+00	0.00000e+00	0.00000e+00	0	0	0	34590	14322	20268	0.00000e+00	0.00000e+00	0.00000e+00	0	0	0	18398	9816	8582	0.00000e+00	0.00000e+00	0.00000e+00	0	0	0	10074	5174	4900	8.79802e-06	0.00000e+00	1.99601e-05	1	0	1	113662	63562	50100	1.63150e-04	2.20702e-04	1.07227e-04	3	2	1	18388	9062	9326	0.00000e+00	0.00000e+00	0.00000e+00	0	0	0	30616	23072	7544	5	1.98810e-05
chr14	24574361	rs752443546	G	A	9282.22	snv	1	1.61154e-05	1.48750e-05	1.75815e-05	4	2	2	248210	134454	113756	0.00000e+00	0.00000e+00	0.00000e+00	0	0	0	16246	6186	10060	0.00000e+00	0.00000e+00	0.00000e+00	0	0	0	34592	14322	20270	0.00000e+00	0.00000e+00	0.00000e+00	0	0	0	18520	9878	8642	0.00000e+00	0.00000e+00	0.00000e+00	0	0	0	10074	5174	4900	0.00000e+00	0.00000e+00	0.00000e+00	0	0	0	113654	63554	50100	2.17510e-04	2.20653e-04	2.14454e-04	4	2	2	18390	9064	9326	0.00000e+00	0.00000e+00	0.00000e+00	0	0	0	30616	23072	7544	4	1.59048e-05
chr14	24574364	rs1418154987	G	A	3013.49	snv	1	4.02538e-06	7.43273e-06	0.00000e+00	1	1	0	248424	134540	113884	0.00000e+00	0.00000e+00	0.00000e+00	0	0	0	16246	6186	10060	0.00000e+00	0.00000e+00	0.00000e+00	0	0	0	34592	14322	20270	0.00000e+00	0.00000e+00	0.00000e+00	0	0	0	18718	9962	8756	9.92654e-05	1.93274e-04	0.00000e+00	1	1	0	10074	5174	4900	0.00000e+00	0.00000e+00	0.00000e+00	0	0	0	113672	63558	50114	0.00000e+00	0.00000e+00	0.00000e+00	0	0	0	18390	9064	9326	0.00000e+00	0.00000e+00	0.00000e+00	0	0	0	30616	23072	7544	1	3.97621e-06
chr14	24574372	rs755757770	G	C	1402.36	snv	1	4.01816e-06	0.00000e+00	8.76025e-06	1	0	1	248870	134718	114152	0.00000e+00	0.00000e+00	0.00000e+00	0	0	0	16244	6186	10058	0.00000e+00	0.00000e+00	0.00000e+00	0	0	0	34590	14322	20268	0.00000e+00	0.00000e+00	0.00000e+00	0	0	0	19186	10150	9036	0.00000e+00	0.00000e+00	0.00000e+00	0	0	0	10076	5176	4900	8.79910e-06	0.00000e+00	1.99585e-05	1	0	1	113648	63544	50104	0.00000e+00	0.00000e+00	0.00000e+00	0	0	0	18392	9064	9328	0.00000e+00	0.00000e+00	0.00000e+00	0	0	0	30614	23070	7544	1	3.97624e-06
chr14	24574376	rs1376810557	C	G	3042.48	snv	1	4.01204e-06	7.41257e-06	0.00000e+00	1	1	0	249250	134906	114344	0.00000e+00	0.00000e+00	0.00000e+00	0	0	0	16244	6186	10058	0.00000e+00	0.00000e+00	0.00000e+00	0	0	0	34590	14322	20268	0.00000e+00	0.00000e+00	0.00000e+00	0	0	0	19556	10326	9230	0.00000e+00	0.00000e+00	0.00000e+00	0	0	0	10076	5176	4900	8.79848e-06	1.57347e-05	0.00000e+00	1	1	0	113656	63554	50102	0.00000e+00	0.00000e+00	0.00000e+00	0	0	0	18392	9064	9328	0.00000e+00	0.00000e+00	0.00000e+00	0	0	0	30616	23072	7544	1	3.97621e-06
chr14	24574377	rs757532971	C	CT	11537.14	indel	1	1.20330e-05	7.41158e-06	1.74840e-05	3	1	2	249314	134924	114390	0.00000e+00	0.00000e+00	0.00000e+00	0	0	0	16242	6186	10056	0.00000e+00	0.00000e+00	0.00000e+00	0	0	0	34588	14320	20268	0.00000e+00	0.00000e+00	0.00000e+00	0	0	0	19636	10354	9282	0.00000e+00	0.00000e+00	0.00000e+00	0	0	0	10076	5176	4900	2.63982e-05	1.57366e-05	3.99218e-05	3	1	2	113644	63546	50098	0.00000e+00	0.00000e+00	0.00000e+00	0	0	0	18392	9064	9328	0.00000e+00	0.00000e+00	0.00000e+00	0	0	0	30616	23072	7544	3	1.19286e-05
chr14	24574378	rs763776227	C	G	13021.42	multi-snv	2	4.01046e-06	0.00000e+00	8.74080e-06	1	0	1	249348	134942	114406	6.15764e-05	0.00000e+00	9.94629e-05	1	0	1	16240	6186	10054	0.00000e+00	0.00000e+00	0.00000e+00	0	0	0	34588	14320	20268	0.00000e+00	0.00000e+00	0.00000e+00	0	0	0	19680	10374	9306	0.00000e+00	0.00000e+00	0.00000e+00	0	0	0	10074	5176	4898	0.00000e+00	0.00000e+00	0.00000e+00	0	0	0	113640	63544	50096	0.00000e+00	0.00000e+00	0.00000e+00	0	0	0	18390	9064	9326	0.00000e+00	0.00000e+00	0.00000e+00	0	0	0	30616	23072	7544	1	3.97621e-06
chr14	24574378	rs763776227	C	T	13021.42	multi-snv	2	1.20314e-05	7.41059e-06	1.74816e-05	3	1	2	249348	134942	114406	0.00000e+00	0.00000e+00	0.00000e+00	0	0	0	16240	6186	10054	0.00000e+00	0.00000e+00	0.00000e+00	0	0	0	34588	14320	20268	0.00000e+00	0.00000e+00	0.00000e+00	0	0	0	19680	10374	9306	0.00000e+00	0.00000e+00	0.00000e+00	0	0	0	10074	5176	4898	2.63992e-05	1.57371e-05	3.99233e-05	3	1	2	113640	63544	50096	0.00000e+00	0.00000e+00	0.00000e+00	0	0	0	18390	9064	9326	0.00000e+00	0.00000e+00	0.00000e+00	0	0	0	30616	23072	7544	3	1.19286e-05
chr14	24574380	rs150828179	C	T	14520.94	snv	1	2.00386e-05	2.22166e-05	1.74697e-05	5	3	2	249518	135034	114484	3.07806e-04	4.84966e-04	1.98847e-04	5	3	2	16244	6186	10058	0.00000e+00	0.00000e+00	0.00000e+00	0	0	0	34588	14320	20268	0.00000e+00	0.00000e+00	0.00000e+00	0	0	0	19836	10464	9372	0.00000e+00	0.00000e+00	0.00000e+00	0	0	0	10076	5176	4900	0.00000e+00	0.00000e+00	0.00000e+00	0	0	0	113642	63544	50098	0.00000e+00	0.00000e+00	0.00000e+00	0	0	0	18394	9066	9328	0.00000e+00	0.00000e+00	0.00000e+00	0	0	0	30616	23072	7544	5	1.98810e-05
chr14	24574381	rs756783567	C	A	6201.15	multi-snv	3	4.00753e-06	0.00000e+00	8.73393e-06	1	0	1	249530	135034	114496	0.00000e+00	0.00000e+00	0.00000e+00	0	0	0	16246	6186	10060	0.00000e+00	0.00000e+00	0.00000e+00	0	0	0	34588	14320	20268	0.00000e+00	0.00000e+00	0.00000e+00	0	0	0	19848	10464	9384	9.92457e-05	0.00000e+00	2.04082e-04	1	0	1	10076	5176	4900	0.00000e+00	0.00000e+00	0.00000e+00	0	0	0	113640	63544	50096	0.00000e+00	0.00000e+00	0.00000e+00	0	0	0	18394	9066	9328	0.00000e+00	0.00000e+00	0.00000e+00	0	0	0	30616	23072	7544	1	3.97621e-06
chr14	24574381	rs756783567	C	G	6201.15	multi-snv	3	4.00753e-06	0.00000e+00	8.73393e-06	1	0	1	249530	135034	114496	0.00000e+00	0.00000e+00	0.00000e+00	0	0	0	16246	6186	10060	0.00000e+00	0.00000e+00	0.00000e+00	0	0	0	34588	14320	20268	0.00000e+00	0.00000e+00	0.00000e+00	0	0	0	19848	10464	9384	0.00000e+00	0.00000e+00	0.00000e+00	0	0	0	10076	5176	4900	0.00000e+00	0.00000e+00	0.00000e+00	0	0	0	113640	63544	50096	0.00000e+00	0.00000e+00	0.00000e+00	0	0	0	18394	9066	9328	3.26627e-05	0.00000e+00	1.32556e-04	1	0	1	30616	23072	7544	1	3.97621e-06
chr14	24574381	rs756783567	C	T	6201.15	multi-snv	3	4.00753e-06	0.00000e+00	8.73393e-06	1	0	1	249530	135034	114496	0.00000e+00	0.00000e+00	0.00000e+00	0	0	0	16246	6186	10060	0.00000e+00	0.00000e+00	0.00000e+00	0	0	0	34588	14320	20268	0.00000e+00	0.00000e+00	0.00000e+00	0	0	0	19848	10464	9384	0.00000e+00	0.00000e+00	0.00000e+00	0	0	0	10076	5176	4900	0.00000e+00	0.00000e+00	0.00000e+00	0	0	0	113640	63544	50096	0.00000e+00	0.00000e+00	0.00000e+00	0	0	0	18394	9066	9328	3.26627e-05	0.00000e+00	1.32556e-04	1	0	1	30616	23072	7544	1	3.97621e-06
chr14	24574384	rs1278157232	A	C	1481.79	snv	1	4.00388e-06	7.39875e-06	0.00000e+00	1	1	0	249758	135158	114600	0.00000e+00	0.00000e+00	0.00000e+00	0	0	0	16246	6186	10060	0.00000e+00	0.00000e+00	0.00000e+00	0	0	0	34588	14320	20268	0.00000e+00	0.00000e+00	0.00000e+00	0	0	0	20084	10590	9494	0.00000e+00	0.00000e+00	0.00000e+00	0	0	0	10076	5176	4900	8.80018e-06	1.57376e-05	0.00000e+00	1	1	0	113634	63542	50092	0.00000e+00	0.00000e+00	0.00000e+00	0	0	0	18392	9066	9326	0.00000e+00	0.00000e+00	0.00000e+00	0	0	0	30616	23072	7544	1	3.97621e-06
chr14	24574391	rs765438392	CCCTGCCCCAG	C	1960.23	indel	1	8.00090e-06	1.47883e-05	0.00000e+00	2	2	0	249972	135242	114730	0.00000e+00	0.00000e+00	0.00000e+00	0	0	0	16250	6186	10064	0.00000e+00	0.00000e+00	0.00000e+00	0	0	0	34586	14320	20266	0.00000e+00	0.00000e+00	0.00000e+00	0	0	0	20324	10688	9636	0.00000e+00	0.00000e+00	0.00000e+00	0	0	0	10074	5174	4900	0.00000e+00	0.00000e+00	0.00000e+00	0	0	0	113612	63532	50080	0.00000e+00	0.00000e+00	0.00000e+00	0	0	0	18392	9066	9326	6.53253e-05	8.66852e-05	0.00000e+00	2	2	0	30616	23072	7544	2	7.95241e-06
chr14	24574395	rs746389061	G	A	3185.39	snv	1	4.00173e-06	0.00000e+00	8.72144e-06	1	0	1	249892	135232	114660	0.00000e+00	0.00000e+00	0.00000e+00	0	0	0	16234	6184	10050	0.00000e+00	0.00000e+00	0.00000e+00	0	0	0	34582	14316	20266	0.00000e+00	0.00000e+00	0.00000e+00	0	0	0	20334	10716	9618	0.00000e+00	0.00000e+00	0.00000e+00	0	0	0	10070	5170	4900	0.00000e+00	0.00000e+00	0.00000e+00	0	0	0	113546	63506	50040	0.00000e+00	0.00000e+00	0.00000e+00	0	0	0	18390	9064	9326	3.26627e-05	0.00000e+00	1.32556e-04	1	0	1	30616	23072	7544	2	7.95241e-06
chr14	24574398	rs758925309	C	A	4076.18	multi-snv	2	3.99802e-06	0.00000e+00	8.71141e-06	1	0	1	250124	135332	114792	0.00000e+00	0.00000e+00	0.00000e+00	0	0	0	16236	6184	10052	2.89134e-05	0.00000e+00	4.93437e-05	1	0	1	34586	14320	20266	0.00000e+00	0.00000e+00	0.00000e+00	0	0	0	20532	10806	9726	0.00000e+00	0.00000e+00	0.00000e+00	0	0	0	10070	5170	4900	0.00000e+00	0.00000e+00	0.00000e+00	0	0	0	113570	63508	50062	0.00000e+00	0.00000e+00	0.00000e+00	0	0	0	18392	9066	9326	0.00000e+00	0.00000e+00	0.00000e+00	0	0	0	30616	23072	7544	1	3.97621e-06
chr14	24574398	rs758925309	C	T	4076.18	multi-snv	2	3.99802e-06	0.00000e+00	8.71141e-06	1	0	1	250124	135332	114792	0.00000e+00	0.00000e+00	0.00000e+00	0	0	0	16236	6184	10052	0.00000e+00	0.00000e+00	0.00000e+00	0	0	0	34586	14320	20266	0.00000e+00	0.00000e+00	0.00000e+00	0	0	0	20532	10806	9726	0.00000e+00	0.00000e+00	0.00000e+00	0	0	0	10070	5170	4900	8.80514e-06	0.00000e+00	1.99752e-05	1	0	1	113570	63508	50062	0.00000e+00	0.00000e+00	0.00000e+00	0	0	0	18392	9066	9326	0.00000e+00	0.00000e+00	0.00000e+00	0	0	0	30616	23072	7544	1	3.97621e-06
chr14	24574399	rs747369127	C	T	9823.95	snv	1	7.99603e-06	0.00000e+00	1.74207e-05	2	0	2	250124	135318	114806	0.00000e+00	0.00000e+00	0.00000e+00	0	0	0	16230	6184	10046	0.00000e+00	0.00000e+00	0.00000e+00	0	0	0	34586	14320	20266	0.00000e+00	0.00000e+00	0.00000e+00	0	0	0	20566	10810	9756	0.00000e+00	0.00000e+00	0.00000e+00	0	0	0	10064	5170	4894	1.76131e-05	0.00000e+00	3.99537e-05	2	0	2	113552	63494	50058	0.00000e+00	0.00000e+00	0.00000e+00	0	0	0	18390	9066	9324	0.00000e+00	0.00000e+00	0.00000e+00	0	0	0	30612	23068	7544	2	7.95241e-06
chr14	24574401	rs572061380	G	A	2296.17	snv	1	3.99767e-06	7.39000e-06	0.00000e+00	1	1	0	250146	135318	114828	0.00000e+00	0.00000e+00	0.00000e+00	0	0	0	16230	6184	10046	0.00000e+00	0.00000e+00	0.00000e+00	0	0	0	34586	14320	20266	0.00000e+00	0.00000e+00	0.00000e+00	0	0	0	20608	10830	9778	0.00000e+00	0.00000e+00	0.00000e+00	0	0	0	10068	5170	4898	0.00000e+00	0.00000e+00	0.00000e+00	0	0	0	113522	63472	50050	5.43715e-05	1.10302e-04	0.00000e+00	1	1	0	18392	9066	9326	0.00000e+00	0.00000e+00	0.00000e+00	0	0	0	30614	23070	7544	2	7.95241e-06
chr14	24574411	rs1231030055	G	A	6526.2	multi-snv	3	3.99364e-06	7.38356e-06	0.00000e+00	1	1	0	250398	135436	114962	0.00000e+00	0.00000e+00	0.00000e+00	0	0	0	16222	6184	10038	0.00000e+00	0.00000e+00	0.00000e+00	0	0	0	34582	14318	20264	0.00000e+00	0.00000e+00	0.00000e+00	0	0	0	20920	10964	9956	0.00000e+00	0.00000e+00	0.00000e+00	0	0	0	10066	5170	4896	8.81181e-06	1.57580e-05	0.00000e+00	1	1	0	113484	63460	50024	0.00000e+00	0.00000e+00	0.00000e+00	0	0	0	18388	9064	9324	0.00000e+00	0.00000e+00	0.00000e+00	0	0	0	30614	23070	7544	1	3.97624e-06
chr14	24574411	rs1231030055	G	C	6526.2	multi-snv	3	3.99364e-06	0.00000e+00	8.69853e-06	1	0	1	250398	135436	114962	0.00000e+00	0.00000e+00	0.00000e+00	0	0	0	16222	6184	10038	0.00000e+00	0.00000e+00	0.00000e+00	0	0	0	34582	14318	20264	0.00000e+00	0.00000e+00	0.00000e+00	0	0	0	20920	10964	9956	0.00000e+00	0.00000e+00	0.00000e+00	0	0	0	10066	5170	4896	8.81181e-06	0.00000e+00	1.99904e-05	1	0	1	113484	63460	50024	0.00000e+00	0.00000e+00	0.00000e+00	0	0	0	18388	9064	9324	0.00000e+00	0.00000e+00	0.00000e+00	0	0	0	30614	23070	7544	1	3.97624e-06
chr14	24574412	rs1469427807	T	A	1642.36	snv	1	3.99227e-06	7.38095e-06	0.00000e+00	1	1	0	250484	135484	115000	6.16371e-05	1.61708e-04	0.00000e+00	1	1	0	16224	6184	10040	0.00000e+00	0.00000e+00	0.00000e+00	0	0	0	34584	14318	20266	0.00000e+00	0.00000e+00	0.00000e+00	0	0	0	20986	10996	9990	0.00000e+00	0.00000e+00	0.00000e+00	0	0	0	10068	5170	4898	0.00000e+00	0.00000e+00	0.00000e+00	0	0	0	113498	63476	50022	0.00000e+00	0.00000e+00	0.00000e+00	0	0	0	18388	9064	9324	0.00000e+00	0.00000e+00	0.00000e+00	0	0	0	30614	23070	7544	1	3.97624e-06
chr14	24574416	rs541173983	C	G	2132.37	snv	1	3.99348e-06	0.00000e+00	8.69822e-06	1	0	1	250408	135442	114966	0.00000e+00	0.00000e+00	0.00000e+00	0	0	0	16222	6184	10038	2.89168e-05	0.00000e+00	4.93437e-05	1	0	1	34582	14316	20266	0.00000e+00	0.00000e+00	0.00000e+00	0	0	0	21000	11002	9998	0.00000e+00	0.00000e+00	0.00000e+00	0	0	0	10062	5166	4896	0.00000e+00	0.00000e+00	0.00000e+00	0	0	0	113416	63434	49982	0.00000e+00	0.00000e+00	0.00000e+00	0	0	0	18392	9066	9326	0.00000e+00	0.00000e+00	0.00000e+00	0	0	0	30612	23068	7544	1	3.97624e-06
chr14	24574417	rs1396480328	A	T	3241.16	snv	1	3.99259e-06	7.38214e-06	0.00000e+00	1	1	0	250464	135462	115002	0.00000e+00	0.00000e+00	0.00000e+00	0	0	0	16220	6184	10036	0.00000e+00	0.00000e+00	0.00000e+00	0	0	0	34580	14314	20266	0.00000e+00	0.00000e+00	0.00000e+00	0	0	0	21068	11034	10034	0.00000e+00	0.00000e+00	0.00000e+00	0	0	0	10058	5160	4898	8.81741e-06	1.57654e-05	0.00000e+00	1	1	0	113412	63430	49982	0.00000e+00	0.00000e+00	0.00000e+00	0	0	0	18392	9066	9326	0.00000e+00	0.00000e+00	0.00000e+00	0	0	0	30612	23068	7544	1	3.97624e-06
chr14	24574419	rs1452143795	C	T	1915.41	snv	1	3.99364e-06	7.38443e-06	0.00000e+00	1	1	0	250398	135420	114978	0.00000e+00	0.00000e+00	0.00000e+00	0	0	0	16216	6184	10032	0.00000e+00	0.00000e+00	0.00000e+00	0	0	0	34580	14316	20264	0.00000e+00	0.00000e+00	0.00000e+00	0	0	0	21070	11028	10042	0.00000e+00	0.00000e+00	0.00000e+00	0	0	0	10054	5156	4898	8.82130e-06	1.57724e-05	0.00000e+00	1	1	0	113362	63402	49960	0.00000e+00	0.00000e+00	0.00000e+00	0	0	0	18390	9064	9326	0.00000e+00	0.00000e+00	0.00000e+00	0	0	0	30612	23068	7544	3	1.19287e-05
chr14	24574424	rs748244767	C	T	29219.46	mixed	2	3.99281e-06	7.38443e-06	0.00000e+00	1	1	0	250450	135420	115030	0.00000e+00	0.00000e+00	0.00000e+00	0	0	0	16210	6184	10026	0.00000e+00	0.00000e+00	0.00000e+00	0	0	0	34578	14318	20260	0.00000e+00	0.00000e+00	0.00000e+00	0	0	0	21222	11086	10136	0.00000e+00	0.00000e+00	0.00000e+00	0	0	0	10050	5152	4898	0.00000e+00	0.00000e+00	0.00000e+00	0	0	0	113268	63344	49924	0.00000e+00	0.00000e+00	0.00000e+00	0	0	0	18390	9066	9324	3.26691e-05	4.33539e-05	0.00000e+00	1	1	0	30610	23066	7544	1	3.97624e-06
chr14	24574424	rs748244767	CG	C	29219.46	mixed	2	2.79497e-05	3.69222e-05	1.73868e-05	7	5	2	250450	135420	115030	0.00000e+00	0.00000e+00	0.00000e+00	0	0	0	16210	6184	10026	0.00000e+00	0.00000e+00	0.00000e+00	0	0	0	34578	14318	20260	0.00000e+00	0.00000e+00	0.00000e+00	0	0	0	21222	11086	10136	0.00000e+00	0.00000e+00	0.00000e+00	0	0	0	10050	5152	4898	0.00000e+00	0.00000e+00	0.00000e+00	0	0	0	113268	63344	49924	5.43774e-05	0.00000e+00	1.07250e-04	1	0	1	18390	9066	9324	1.96014e-04	2.16769e-04	1.32556e-04	6	5	1	30610	23066	7544	7	2.78337e-05
chr14	24574434	rs958728140	T	A	2334.39	snv	1	3.99265e-06	0.00000e+00	8.69293e-06	1	0	1	250460	135424	115036	6.16827e-05	0.00000e+00	9.97208e-05	1	0	1	16212	6184	10028	0.00000e+00	0.00000e+00	0.00000e+00	0	0	0	34576	14318	20258	0.00000e+00	0.00000e+00	0.00000e+00	0	0	0	21356	11148	10208	0.00000e+00	0.00000e+00	0.00000e+00	0	0	0	10048	5152	4896	0.00000e+00	0.00000e+00	0.00000e+00	0	0	0	113148	63288	49860	0.00000e+00	0.00000e+00	0.00000e+00	0	0	0	18386	9064	9322	0.00000e+00	0.00000e+00	0.00000e+00	0	0	0	30606	23062	7544	1	3.97621e-06
chr14	24574436	rs769925140	C	G	14733.47	multi-snv	2	1.59705e-05	1.47693e-05	1.73844e-05	4	2	2	250462	135416	115046	0.00000e+00	0.00000e+00	0.00000e+00	0	0	0	16216	6184	10032	0.00000e+00	0.00000e+00	0.00000e+00	0	0	0	34580	14320	20260	0.00000e+00	0.00000e+00	0.00000e+00	0	0	0	21370	11158	10212	0.00000e+00	0.00000e+00	0.00000e+00	0	0	0	10050	5156	4894	0.00000e+00	0.00000e+00	0.00000e+00	0	0	0	113120	63260	49860	0.00000e+00	0.00000e+00	0.00000e+00	0	0	0	18388	9064	9324	1.30676e-04	8.67077e-05	2.65111e-04	4	2	2	30610	23066	7544	5	1.98810e-05
chr14	24574436	rs769925140	C	T	14733.47	multi-snv	2	7.98524e-06	7.38465e-06	8.69218e-06	2	1	1	250462	135416	115046	0.00000e+00	0.00000e+00	0.00000e+00	0	0	0	16216	6184	10032	0.00000e+00	0.00000e+00	0.00000e+00	0	0	0	34580	14320	20260	0.00000e+00	0.00000e+00	0.00000e+00	0	0	0	21370	11158	10212	0.00000e+00	0.00000e+00	0.00000e+00	0	0	0	10050	5156	4894	1.76803e-05	1.58078e-05	2.00562e-05	2	1	1	113120	63260	49860	0.00000e+00	0.00000e+00	0.00000e+00	0	0	0	18388	9064	9324	0.00000e+00	0.00000e+00	0.00000e+00	0	0	0	30610	23066	7544	2	7.95241e-06
chr14	24574437	rs759496539	C	T	8587.19	snv	1	1.59747e-05	2.95452e-05	0.00000e+00	4	4	0	250396	135386	115010	0.00000e+00	0.00000e+00	0.00000e+00	0	0	0	16202	6184	10018	0.00000e+00	0.00000e+00	0.00000e+00	0	0	0	34574	14318	20256	0.00000e+00	0.00000e+00	0.00000e+00	0	0	0	21372	11152	10220	9.95223e-05	1.94099e-04	0.00000e+00	1	1	0	10048	5152	4896	2.65304e-05	4.74353e-05	0.00000e+00	3	3	0	113078	63244	49834	0.00000e+00	0.00000e+00	0.00000e+00	0	0	0	18386	9064	9322	0.00000e+00	0.00000e+00	0.00000e+00	0	0	0	30610	23066	7544	4	1.59050e-05
chr14	24574439	rs771962070	C	T	1504.38	snv	1	3.99300e-06	7.38563e-06	0.00000e+00	1	1	0	250438	135398	115040	0.00000e+00	0.00000e+00	0.00000e+00	0	0	0	16206	6184	10022	0.00000e+00	0.00000e+00	0.00000e+00	0	0	0	34574	14318	20256	4.67333e-05	8.95897e-05	0.00000e+00	1	1	0	21398	11162	10236	0.00000e+00	0.00000e+00	0.00000e+00	0	0	0	10048	5152	4896	0.00000e+00	0.00000e+00	0.00000e+00	0	0	0	113084	63244	49840	0.00000e+00	0.00000e+00	0.00000e+00	0	0	0	18392	9066	9326	0.00000e+00	0.00000e+00	0.00000e+00	0	0	0	30610	23066	7544	1	3.97624e-06
chr14	24574442	rs775309965	G	A	4142.41	multi-snv	2	3.99521e-06	7.38793e-06	0.00000e+00	1	1	0	250300	135356	114944	0.00000e+00	0.00000e+00	0.00000e+00	0	0	0	16202	6184	10018	0.00000e+00	0.00000e+00	0.00000e+00	0	0	0	34574	14318	20256	0.00000e+00	0.00000e+00	0.00000e+00	0	0	0	21388	11166	10222	0.00000e+00	0.00000e+00	0.00000e+00	0	0	0	10050	5154	4896	0.00000e+00	0.00000e+00	0.00000e+00	0	0	0	112970	63204	49766	0.00000e+00	0.00000e+00	0.00000e+00	0	0	0	18388	9064	9324	3.26712e-05	4.33576e-05	0.00000e+00	1	1	0	30608	23064	7544	1	3.97624e-06
chr14	24574452	rs760502723	C	T	1617.38	snv	1	3.99862e-06	7.39623e-06	0.00000e+00	1	1	0	250086	135204	114882	0.00000e+00	0.00000e+00	0.00000e+00	0	0	0	16192	6184	10008	0.00000e+00	0.00000e+00	0.00000e+00	0	0	0	34568	14314	20254	0.00000e+00	0.00000e+00	0.00000e+00	0	0	0	21438	11174	10264	0.00000e+00	0.00000e+00	0.00000e+00	0	0	0	10040	5146	4894	0.00000e+00	0.00000e+00	0.00000e+00	0	0	0	112736	63052	49684	5.43892e-05	1.10327e-04	0.00000e+00	1	1	0	18386	9064	9322	0.00000e+00	0.00000e+00	0.00000e+00	0	0	0	30610	23066	7544	1	3.97624e-06
chr14	24574464	rs763718534	G	A	3258.34	multi-snv	2	4.00019e-06	0.00000e+00	8.70458e-06	1	0	1	249988	135106	114882	0.00000e+00	0.00000e+00	0.00000e+00	0	0	0	16194	6184	10010	0.00000e+00	0.00000e+00	0.00000e+00	0	0	0	34560	14310	20250	0.00000e+00	0.00000e+00	0.00000e+00	0	0	0	21506	11202	10304	0.00000e+00	0.00000e+00	0.00000e+00	0	0	0	10028	5142	4886	8.88163e-06	0.00000e+00	2.01386e-05	1	0	1	112592	62936	49656	0.00000e+00	0.00000e+00	0.00000e+00	0	0	0	18388	9066	9322	0.00000e+00	0.00000e+00	0.00000e+00	0	0	0	30608	23066	7542	1	3.97630e-06
chr14	24574464	rs763718534	G	T	3258.34	multi-snv	2	4.00019e-06	0.00000e+00	8.70458e-06	1	0	1	249988	135106	114882	0.00000e+00	0.00000e+00	0.00000e+00	0	0	0	16194	6184	10010	0.00000e+00	0.00000e+00	0.00000e+00	0	0	0	34560	14310	20250	0.00000e+00	0.00000e+00	0.00000e+00	0	0	0	21506	11202	10304	0.00000e+00	0.00000e+00	0.00000e+00	0	0	0	10028	5142	4886	8.88163e-06	0.00000e+00	2.01386e-05	1	0	1	112592	62936	49656	0.00000e+00	0.00000e+00	0.00000e+00	0	0	0	18388	9066	9322	0.00000e+00	0.00000e+00	0.00000e+00	0	0	0	30608	23066	7542	3	1.19289e-05
chr14	24574465	rs45567233	T	C	47111903.31	snv	1	8.00843e-02	7.95439e-02	8.07199e-02	20015	10744	9271	249924	135070	114854	2.87179e-02	2.66818e-02	2.99760e-02	465	165	300	16192	6184	10008	1.00561e-01	9.61565e-02	1.03673e-01	3476	1376	2100	34566	14310	20256	7.70806e-02	7.72532e-02	7.68932e-02	1656	864	792	21484	11184	10300	3.62911e-02	3.51866e-02	3.74540e-02	364	181	183	10030	5144	4886	6.92973e-02	6.83928e-02	7.04441e-02	7799	4303	3496	112544	62916	49628	1.52871e-01	1.53761e-01	1.52006e-01	2811	1394	1417	18388	9066	9322	9.86735e-02	9.72945e-02	1.02890e-01	3020	2244	776	30606	23064	7542	20110	7.99679e-02
chr14	24574469	rs761312786	C	T	1137.37	snv	1	4.00307e-06	7.40653e-06	0.00000e+00	1	1	0	249808	135016	114792	0.00000e+00	0.00000e+00	0.00000e+00	0	0	0	16186	6182	10004	0.00000e+00	0.00000e+00	0.00000e+00	0	0	0	34562	14312	20250	0.00000e+00	0.00000e+00	0.00000e+00	0	0	0	21518	11210	10308	0.00000e+00	0.00000e+00	0.00000e+00	0	0	0	10024	5138	4886	8.89569e-06	1.59124e-05	0.00000e+00	1	1	0	112414	62844	49570	0.00000e+00	0.00000e+00	0.00000e+00	0	0	0	18386	9064	9322	0.00000e+00	0.00000e+00	0.00000e+00	0	0	0	30604	23064	7540	2	7.95254e-06
chr14	24574470	rs764861206	G	A	6469.73	multi-snv	2	1.20083e-05	2.22160e-05	0.00000e+00	3	3	0	249828	135038	114790	0.00000e+00	0.00000e+00	0.00000e+00	0	0	0	16184	6182	10002	0.00000e+00	0.00000e+00	0.00000e+00	0	0	0	34564	14312	20252	0.00000e+00	0.00000e+00	0.00000e+00	0	0	0	21522	11212	10310	0.00000e+00	0.00000e+00	0.00000e+00	0	0	0	10024	5138	4886	0.00000e+00	0.00000e+00	0.00000e+00	0	0	0	112432	62862	49570	0.00000e+00	0.00000e+00	0.00000e+00	0	0	0	18386	9064	9322	9.80264e-05	1.30062e-04	0.00000e+00	3	3	0	30604	23066	7538	3	1.19288e-05
chr14	24574470	rs764861206	G	C	6469.73	multi-snv	2	4.00275e-06	0.00000e+00	8.71156e-06	1	0	1	249828	135038	114790	0.00000e+00	0.00000e+00	0.00000e+00	0	0	0	16184	6182	10002	0.00000e+00	0.00000e+00	0.00000e+00	0	0	0	34564	14312	20252	0.00000e+00	0.00000e+00	0.00000e+00	0	0	0	21522	11212	10310	0.00000e+00	0.00000e+00	0.00000e+00	0	0	0	10024	5138	4886	8.89426e-06	0.00000e+00	2.01735e-05	1	0	1	112432	62862	49570	0.00000e+00	0.00000e+00	0.00000e+00	0	0	0	18386	9064	9322	0.00000e+00	0.00000e+00	0.00000e+00	0	0	0	30604	23066	7538	1	3.97627e-06
chr14	24574474	rs759013839	C	T	7153.07	snv	1	1.20139e-05	2.22298e-05	0.00000e+00	3	3	0	249710	134954	114756	0.00000e+00	0.00000e+00	0.00000e+00	0	0	0	16186	6182	10004	0.00000e+00	0.00000e+00	0.00000e+00	0	0	0	34566	14314	20252	0.00000e+00	0.00000e+00	0.00000e+00	0	0	0	21526	11212	10314	0.00000e+00	0.00000e+00	0.00000e+00	0	0	0	10022	5136	4886	0.00000e+00	0.00000e+00	0.00000e+00	0	0	0	112306	62780	49526	0.00000e+00	0.00000e+00	0.00000e+00	0	0	0	18386	9064	9322	9.80200e-05	1.30062e-04	0.00000e+00	3	3	0	30606	23066	7540	5	1.98817e-05
chr14	24574479	rs952329522	C	T	783.37	snv	1	4.00574e-06	0.00000e+00	8.71733e-06	1	0	1	249642	134928	114714	0.00000e+00	0.00000e+00	0.00000e+00	0	0	0	16184	6182	10002	0.00000e+00	0.00000e+00	0.00000e+00	0	0	0	34568	14312	20256	0.00000e+00	0.00000e+00	0.00000e+00	0	0	0	21542	11220	10322	0.00000e+00	0.00000e+00	0.00000e+00	0	0	0	10022	5136	4886	8.91043e-06	0.00000e+00	2.02102e-05	1	0	1	112228	62748	49480	0.00000e+00	0.00000e+00	0.00000e+00	0	0	0	18382	9064	9318	0.00000e+00	0.00000e+00	0.00000e+00	0	0	0	30608	23066	7542	1	3.97633e-06
chr14	24574480	rs780684101	C	G	6814.51	snv	1	1.20170e-05	7.41180e-06	1.74328e-05	3	1	2	249646	134920	114726	1.23564e-04	1.61760e-04	9.99600e-05	2	1	1	16186	6182	10004	0.00000e+00	0.00000e+00	0.00000e+00	0	0	0	34566	14314	20252	0.00000e+00	0.00000e+00	0.00000e+00	0	0	0	21528	11210	10318	0.00000e+00	0.00000e+00	0.00000e+00	0	0	0	10026	5136	4890	0.00000e+00	0.00000e+00	0.00000e+00	0	0	0	112238	62750	49488	5.43951e-05	0.00000e+00	1.07296e-04	1	0	1	18384	9064	9320	0.00000e+00	0.00000e+00	0.00000e+00	0	0	0	30606	23064	7542	3	1.19290e-05
chr14	24574493	rs751927384	T	C	11474.28	snv	1	3.60710e-05	1.48315e-05	6.10501e-05	9	2	7	249508	134848	114660	0.00000e+00	0.00000e+00	0.00000e+00	0	0	0	16180	6182	9998	2.60402e-04	1.39743e-04	3.45679e-04	9	2	7	34562	14312	20250	0.00000e+00	0.00000e+00	0.00000e+00	0	0	0	21524	11204	10320	0.00000e+00	0.00000e+00	0.00000e+00	0	0	0	10030	5142	4888	0.00000e+00	0.00000e+00	0.00000e+00	0	0	0	112106	62682	49424	0.00000e+00	0.00000e+00	0.00000e+00	0	0	0	18384	9062	9322	0.00000e+00	0.00000e+00	0.00000e+00	0	0	0	30608	23064	7544	9	3.57870e-05
chr14	24574500	rs1192540583	C	A	621.16	snv	1	4.00940e-06	7.41928e-06	0.00000e+00	1	1	0	249414	134784	114630	0.00000e+00	0.00000e+00	0.00000e+00	0	0	0	16182	6182	10000	0.00000e+00	0.00000e+00	0.00000e+00	0	0	0	34554	14308	20246	0.00000e+00	0.00000e+00	0.00000e+00	0	0	0	21534	11212	10322	0.00000e+00	0.00000e+00	0.00000e+00	0	0	0	10034	5148	4886	8.92746e-06	1.59714e-05	0.00000e+00	1	1	0	112014	62612	49402	0.00000e+00	0.00000e+00	0.00000e+00	0	0	0	18382	9060	9322	0.00000e+00	0.00000e+00	0.00000e+00	0	0	0	30608	23068	7540	1	3.97630e-06
chr14	24574503	rs755366502	G	T	10195.07	multi-snv	2	2.80671e-05	5.19334e-05	0.00000e+00	7	7	0	249402	134788	114614	0.00000e+00	0.00000e+00	0.00000e+00	0	0	0	16182	6182	10000	0.00000e+00	0.00000e+00	0.00000e+00	0	0	0	34552	14308	20244	0.00000e+00	0.00000e+00	0.00000e+00	0	0	0	21524	11208	10316	0.00000e+00	0.00000e+00	0.00000e+00	0	0	0	10036	5150	4886	0.00000e+00	0.00000e+00	0.00000e+00	0	0	0	112004	62616	49388	0.00000e+00	0.00000e+00	0.00000e+00	0	0	0	18384	9062	9322	2.28698e-04	3.03503e-04	0.00000e+00	7	7	0	30608	23064	7544	7	2.78343e-05
chr14	24574508	rs781347413	A	C	2085.36	snv	1	4.00904e-06	0.00000e+00	8.72265e-06	1	0	1	249436	134792	114644	0.00000e+00	0.00000e+00	0.00000e+00	0	0	0	16190	6182	10008	0.00000e+00	0.00000e+00	0.00000e+00	0	0	0	34550	14304	20246	0.00000e+00	0.00000e+00	0.00000e+00	0	0	0	21536	11208	10328	0.00000e+00	0.00000e+00	0.00000e+00	0	0	0	10040	5152	4888	8.92761e-06	0.00000e+00	2.02478e-05	1	0	1	112012	62624	49388	0.00000e+00	0.00000e+00	0.00000e+00	0	0	0	18390	9064	9326	0.00000e+00	0.00000e+00	0.00000e+00	0	0	0	30604	23060	7544	1	3.97630e-06
chr14	24574512	rs748417446	T	C	2861.15	snv	1	8.02034e-06	1.48421e-05	0.00000e+00	2	2	0	249366	134752	114614	0.00000e+00	0.00000e+00	0.00000e+00	0	0	0	16188	6182	10006	0.00000e+00	0.00000e+00	0.00000e+00	0	0	0	34544	14302	20242	0.00000e+00	0.00000e+00	0.00000e+00	0	0	0	21512	11198	10314	0.00000e+00	0.00000e+00	0.00000e+00	0	0	0	10036	5146	4890	0.00000e+00	0.00000e+00	0.00000e+00	0	0	0	111976	62598	49378	5.43656e-05	1.10302e-04	0.00000e+00	1	1	0	18394	9066	9328	3.26755e-05	4.33614e-05	0.00000e+00	1	1	0	30604	23062	7542	2	7.95254e-06
chr14	24574514	rs1419386388	T	C	1057.36	snv	1	4.01152e-06	7.42302e-06	0.00000e+00	1	1	0	249282	134716	114566	0.00000e+00	0.00000e+00	0.00000e+00	0	0	0	16192	6182	10010	0.00000e+00	0.00000e+00	0.00000e+00	0	0	0	34548	14302	20246	0.00000e+00	0.00000e+00	0.00000e+00	0	0	0	21514	11196	10318	0.00000e+00	0.00000e+00	0.00000e+00	0	0	0	10034	5146	4888	0.00000e+00	0.00000e+00	0.00000e+00	0	0	0	111888	62568	49320	0.00000e+00	0.00000e+00	0.00000e+00	0	0	0	18394	9066	9328	0.00000e+00	0.00000e+00	0.00000e+00	0	0	0	30604	23060	7544	1	3.97630e-06
chr14	24574522	rs577801863	C	T	901.52	snv	1	4.01487e-06	0.00000e+00	8.73500e-06	1	0	1	249074	134592	114482	0.00000e+00	0.00000e+00	0.00000e+00	0	0	0	16188	6184	10004	2.89486e-05	0.00000e+00	4.93974e-05	1	0	1	34544	14300	20244	0.00000e+00	0.00000e+00	0.00000e+00	0	0	0	21488	11192	10296	0.00000e+00	0.00000e+00	0.00000e+00	0	0	0	10012	5136	4876	0.00000e+00	0.00000e+00	0.00000e+00	0	0	0	111746	62464	49282	0.00000e+00	0.00000e+00	0.00000e+00	0	0	0	18392	9066	9326	0.00000e+00	0.00000e+00	0.00000e+00	0	0	0	30598	23054	7544	1	3.97630e-06
chr14	24574524	rs146853181	C	T	610082.2	snv	1	1.41752e-03	1.41938e-03	1.41534e-03	353	191	162	249026	134566	114460	8.03362e-04	8.08538e-04	8.00160e-04	13	5	8	16182	6184	9998	1.01320e-03	6.99105e-04	1.23518e-03	35	10	25	34544	14304	20240	2.32818e-04	3.57526e-04	9.72006e-05	5	4	1	21476	11188	10288	9.98004e-04	7.78210e-04	1.22951e-03	10	4	6	10020	5140	4880	2.47051e-03	2.56221e-03	2.35428e-03	276	160	116	111718	62446	49272	0.00000e+00	0.00000e+00	0.00000e+00	0	0	0	18394	9066	9328	1.30762e-04	1.73551e-04	0.00000e+00	4	4	0	30590	23048	7542	358	1.42354e-03
chr14	24574525	rs749338816	G	A	1973.14	multi-snv	2	4.01706e-06	7.43351e-06	0.00000e+00	1	1	0	248938	134526	114412	0.00000e+00	0.00000e+00	0.00000e+00	0	0	0	16180	6184	9996	0.00000e+00	0.00000e+00	0.00000e+00	0	0	0	34542	14302	20240	0.00000e+00	0.00000e+00	0.00000e+00	0	0	0	21460	11184	10276	0.00000e+00	0.00000e+00	0.00000e+00	0	0	0	10010	5132	4878	8.95608e-06	1.60226e-05	0.00000e+00	1	1	0	111656	62412	49244	0.00000e+00	0.00000e+00	0.00000e+00	0	0	0	18394	9066	9328	0.00000e+00	0.00000e+00	0.00000e+00	0	0	0	30594	23052	7542	1	3.97643e-06
chr14	24574528	rs1440530109	C	G	551.38	snv	1	4.01606e-06	7.43273e-06	0.00000e+00	1	1	0	249000	134540	114460	0.00000e+00	0.00000e+00	0.00000e+00	0	0	0	16186	6186	10000	0.00000e+00	0.00000e+00	0.00000e+00	0	0	0	34538	14298	20240	0.00000e+00	0.00000e+00	0.00000e+00	0	0	0	21480	11184	10296	0.00000e+00	0.00000e+00	0.00000e+00	0	0	0	10008	5136	4872	8.95287e-06	1.60195e-05	0.00000e+00	1	1	0	111696	62424	49272	0.00000e+00	0.00000e+00	0.00000e+00	0	0	0	18394	9066	9328	0.00000e+00	0.00000e+00	0.00000e+00	0	0	0	30590	23052	7538	1	3.97643e-06
chr14	24574530	rs772051811	G	A	10742.75	snv	1	4.81955e-05	7.43196e-05	1.74776e-05	12	10	2	248986	134554	114432	0.00000e+00	0.00000e+00	0.00000e+00	0	0	0	16180	6186	9994	0.00000e+00	0.00000e+00	0.00000e+00	0	0	0	34540	14300	20240	0.00000e+00	0.00000e+00	0.00000e+00	0	0	0	21456	11176	10280	0.00000e+00	0.00000e+00	0.00000e+00	0	0	0	10012	5138	4874	8.95063e-06	0.00000e+00	2.02955e-05	1	0	1	111724	62452	49272	0.00000e+00	0.00000e+00	0.00000e+00	0	0	0	18392	9066	9326	3.59712e-04	4.33915e-04	1.32732e-04	11	10	1	30580	23046	7534	12	4.77171e-05
chr14	24574532	rs775398186	T	A	3359.24	snv	1	1.60613e-05	0.00000e+00	3.49382e-05	4	0	4	249046	134558	114488	0.00000e+00	0.00000e+00	0.00000e+00	0	0	0	16184	6186	9998	1.15821e-04	0.00000e+00	1.97628e-04	4	0	4	34536	14296	20240	0.00000e+00	0.00000e+00	0.00000e+00	0	0	0	21490	11192	10298	0.00000e+00	0.00000e+00	0.00000e+00	0	0	0	10008	5130	4878	0.00000e+00	0.00000e+00	0.00000e+00	0	0	0	111762	62458	49304	0.00000e+00	0.00000e+00	0.00000e+00	0	0	0	18392	9066	9326	0.00000e+00	0.00000e+00	0.00000e+00	0	0	0	30570	23038	7532	4	1.59060e-05
chr14	24574533	rs760459193	G	A	4943.25	snv	1	8.03613e-06	7.43705e-06	8.74019e-06	2	1	1	248876	134462	114414	0.00000e+00	0.00000e+00	0.00000e+00	0	0	0	16192	6186	10006	0.00000e+00	0.00000e+00	0.00000e+00	0	0	0	34536	14296	20240	0.00000e+00	0.00000e+00	0.00000e+00	0	0	0	21454	11166	10288	0.00000e+00	0.00000e+00	0.00000e+00	0	0	0	9992	5120	4872	1.79134e-05	1.60231e-05	2.03095e-05	2	1	1	111648	62410	49238	0.00000e+00	0.00000e+00	0.00000e+00	0	0	0	18392	9066	9326	0.00000e+00	0.00000e+00	0.00000e+00	0	0	0	30556	23024	7532	2	7.95292e-06
chr14	24574537	rs768508151	C	T	722.48	snv	1	4.01971e-06	7.43848e-06	0.00000e+00	1	1	0	248774	134436	114338	0.00000e+00	0.00000e+00	0.00000e+00	0	0	0	16190	6186	10004	0.00000e+00	0.00000e+00	0.00000e+00	0	0	0	34528	14294	20234	0.00000e+00	0.00000e+00	0.00000e+00	0	0	0	21432	11166	10266	0.00000e+00	0.00000e+00	0.00000e+00	0	0	0	9974	5118	4856	0.00000e+00	0.00000e+00	0.00000e+00	0	0	0	111620	62402	49218	0.00000e+00	0.00000e+00	0.00000e+00	0	0	0	18380	9062	9318	3.27375e-05	4.34556e-05	0.00000e+00	1	1	0	30546	23012	7534	1	3.97649e-06
chr14	24574540	rs965321532	C	G	1890.37	multi-snv	2	4.01939e-06	0.00000e+00	8.74615e-06	1	0	1	248794	134458	114336	0.00000e+00	0.00000e+00	0.00000e+00	0	0	0	16176	6186	9990	0.00000e+00	0.00000e+00	0.00000e+00	0	0	0	34528	14294	20234	0.00000e+00	0.00000e+00	0.00000e+00	0	0	0	21426	11160	10266	0.00000e+00	0.00000e+00	0.00000e+00	0	0	0	9964	5116	4848	8.95560e-06	0.00000e+00	2.03087e-05	1	0	1	111662	62422	49240	0.00000e+00	0.00000e+00	0.00000e+00	0	0	0	18384	9064	9320	0.00000e+00	0.00000e+00	0.00000e+00	0	0	0	30554	23024	7530	1	3.97662e-06
chr14	24574540	rs965321532	C	T	1890.37	multi-snv	2	8.03878e-06	0.00000e+00	1.74923e-05	2	0	2	248794	134458	114336	0.00000e+00	0.00000e+00	0.00000e+00	0	0	0	16176	6186	9990	0.00000e+00	0.00000e+00	0.00000e+00	0	0	0	34528	14294	20234	0.00000e+00	0.00000e+00	0.00000e+00	0	0	0	21426	11160	10266	0.00000e+00	0.00000e+00	0.00000e+00	0	0	0	9964	5116	4848	0.00000e+00	0.00000e+00	0.00000e+00	0	0	0	111662	62422	49240	5.43951e-05	0.00000e+00	1.07296e-04	1	0	1	18384	9064	9320	3.27289e-05	0.00000e+00	1.32802e-04	1	0	1	30554	23024	7530	2	7.95323e-06
chr14	24574542	rs776237818	A	G	42688.88	snv	1	1.08480e-04	6.69105e-05	1.57362e-04	27	9	18	248894	134508	114386	0.00000e+00	0.00000e+00	0.00000e+00	0	0	0	16188	6186	10002	7.52881e-04	6.29459e-04	8.40087e-04	26	9	17	34534	14298	20236	0.00000e+00	0.00000e+00	0.00000e+00	0	0	0	21452	11168	10284	0.00000e+00	0.00000e+00	0.00000e+00	0	0	0	9966	5114	4852	0.00000e+00	0.00000e+00	0.00000e+00	0	0	0	111696	62446	49250	0.00000e+00	0.00000e+00	0.00000e+00	0	0	0	18386	9064	9322	0.00000e+00	0.00000e+00	0.00000e+00	0	0	0	30574	23040	7534	27	1.07369e-04
chr14	24574544	rs761557494	C	T	9754.1	snv	1	1.60895e-05	1.48858e-05	1.75049e-05	4	2	2	248610	134356	114254	0.00000e+00	0.00000e+00	0.00000e+00	0	0	0	16180	6184	9996	0.00000e+00	0.00000e+00	0.00000e+00	0	0	0	34528	14296	20232	0.00000e+00	0.00000e+00	0.00000e+00	0	0	0	21390	11140	10250	0.00000e+00	0.00000e+00	0.00000e+00	0	0	0	9936	5098	4838	0.00000e+00	0.00000e+00	0.00000e+00	0	0	0	111564	62388	49176	2.17557e-04	2.20653e-04	2.14546e-04	4	2	2	18386	9064	9322	0.00000e+00	0.00000e+00	0.00000e+00	0	0	0	30532	23002	7530	4	1.59065e-05
chr14	24574545	rs1332402107	C	T	508.37	snv	1	4.02110e-06	0.00000e+00	8.74829e-06	1	0	1	248688	134380	114308	0.00000e+00	0.00000e+00	0.00000e+00	0	0	0	16188	6184	10004	0.00000e+00	0.00000e+00	0.00000e+00	0	0	0	34526	14292	20234	0.00000e+00	0.00000e+00	0.00000e+00	0	0	0	21408	11146	10262	0.00000e+00	0.00000e+00	0.00000e+00	0	0	0	9948	5106	4842	8.95865e-06	0.00000e+00	2.03169e-05	1	0	1	111624	62404	49220	0.00000e+00	0.00000e+00	0.00000e+00	0	0	0	18384	9066	9318	0.00000e+00	0.00000e+00	0.00000e+00	0	0	0	30514	22992	7522	1	3.97665e-06
chr14	24574548	rs1212741275	G	A	804.38	snv	1	4.02152e-06	7.44048e-06	0.00000e+00	1	1	0	248662	134400	114262	0.00000e+00	0.00000e+00	0.00000e+00	0	0	0	16182	6184	9998	0.00000e+00	0.00000e+00	0.00000e+00	0	0	0	34518	14294	20224	0.00000e+00	0.00000e+00	0.00000e+00	0	0	0	21394	11142	10252	0.00000e+00	0.00000e+00	0.00000e+00	0	0	0	9934	5098	4836	0.00000e+00	0.00000e+00	0.00000e+00	0	0	0	111626	62424	49202	5.43892e-05	1.10327e-04	0.00000e+00	1	1	0	18386	9064	9322	0.00000e+00	0.00000e+00	0.00000e+00	0	0	0	30528	23002	7526	1	3.97668e-06
chr14	24574551	rs1261965993	T	C	526.37	snv	1	4.02327e-06	0.00000e+00	8.75580e-06	1	0	1	248554	134344	114210	6.17589e-05	0.00000e+00	9.99201e-05	1	0	1	16192	6184	10008	0.00000e+00	0.00000e+00	0.00000e+00	0	0	0	34506	14288	20218	0.00000e+00	0.00000e+00	0.00000e+00	0	0	0	21382	11144	10238	0.00000e+00	0.00000e+00	0.00000e+00	0	0	0	9926	5102	4824	0.00000e+00	0.00000e+00	0.00000e+00	0	0	0	111588	62414	49174	0.00000e+00	0.00000e+00	0.00000e+00	0	0	0	18386	9066	9320	0.00000e+00	0.00000e+00	0.00000e+00	0	0	0	30488	22966	7522	1	3.97671e-06
chr14	24574625	rs764951215	A	G	956.36	snv	1	3.99818e-06	0.00000e+00	8.69777e-06	1	0	1	250114	135142	114972	0.00000e+00	0.00000e+00	0.00000e+00	0	0	0	16254	6184	10070	0.00000e+00	0.00000e+00	0.00000e+00	0	0	0	34568	14314	20254	0.00000e+00	0.00000e+00	0.00000e+00	0	0	0	21610	11254	10356	0.00000e+00	0.00000e+00	0.00000e+00	0	0	0	10044	5160	4884	8.88573e-06	0.00000e+00	2.01499e-05	1	0	1	112540	62912	49628	0.00000e+00	0.00000e+00	0.00000e+00	0	0	0	18392	9066	9326	0.00000e+00	0.00000e+00	0.00000e+00	0	0	0	30584	23048	7536	1	3.97627e-06
chr14	24574626	rs750002865	T	C	251.37	snv	1	3.99763e-06	0.00000e+00	8.69671e-06	1	0	1	250148	135162	114986	0.00000e+00	0.00000e+00	0.00000e+00	0	0	0	16254	6184	10070	0.00000e+00	0.00000e+00	0.00000e+00	0	0	0	34568	14314	20254	0.00000e+00	0.00000e+00	0.00000e+00	0	0	0	21608	11258	10350	0.00000e+00	0.00000e+00	0.00000e+00	0	0	0	10050	5160	4890	0.00000e+00	0.00000e+00	0.00000e+00	0	0	0	112568	62924	49644	0.00000e+00	0.00000e+00	0.00000e+00	0	0	0	18390	9066	9324	3.26968e-05	0.00000e+00	1.32732e-04	1	0	1	30584	23050	7534	1	3.97627e-06
chr14	24574630	rs17105289	C	G	2792983.78	snv	1	5.36711e-03	3.71291e-03	7.31152e-03	1343	502	841	250228	135204	115024	7.46893e-02	7.06662e-02	7.71599e-02	1214	437	777	16254	6184	10070	2.86375e-03	3.07348e-03	2.71551e-03	99	44	55	34570	14316	20254	0.00000e+00	0.00000e+00	0.00000e+00	0	0	0	21606	11256	10350	0.00000e+00	0.00000e+00	0.00000e+00	0	0	0	10042	5156	4886	6.21350e-05	7.93953e-05	4.02560e-05	7	5	2	112658	62976	49682	0.00000e+00	0.00000e+00	0.00000e+00	0	0	0	18390	9066	9324	6.53937e-05	8.67830e-05	0.00000e+00	2	2	0	30584	23046	7538	1343	5.34009e-03
chr14	24574633	rs979428710	C	T	2602.18	snv	1	3.99514e-06	7.39350e-06	0.00000e+00	1	1	0	250304	135254	115050	0.00000e+00	0.00000e+00	0.00000e+00	0	0	0	16250	6184	10066	0.00000e+00	0.00000e+00	0.00000e+00	0	0	0	34572	14316	20256	0.00000e+00	0.00000e+00	0.00000e+00	0	0	0	21602	11252	10350	0.00000e+00	0.00000e+00	0.00000e+00	0	0	0	10050	5158	4892	8.87091e-06	1.58685e-05	0.00000e+00	1	1	0	112728	63018	49710	0.00000e+00	0.00000e+00	0.00000e+00	0	0	0	18390	9066	9324	0.00000e+00	0.00000e+00	0.00000e+00	0	0	0	30592	23058	7534	1	3.97624e-06
chr14	24574634	rs767061568	G	A	6248.2	snv	1	1.99740e-05	1.47850e-05	2.60747e-05	5	2	3	250326	135272	115054	0.00000e+00	0.00000e+00	0.00000e+00	0	0	0	16252	6184	10068	0.00000e+00	0.00000e+00	0.00000e+00	0	0	0	34574	14316	20258	0.00000e+00	0.00000e+00	0.00000e+00	0	0	0	21608	11254	10354	0.00000e+00	0.00000e+00	0.00000e+00	0	0	0	10056	5164	4892	4.43553e-05	3.17339e-05	6.03597e-05	5	2	3	112726	63024	49702	0.00000e+00	0.00000e+00	0.00000e+00	0	0	0	18390	9066	9324	0.00000e+00	0.00000e+00	0.00000e+00	0	0	0	30598	23060	7538	5	1.98813e-05
chr14	24574637	rs1416220074	C	T	1587.36	snv	1	3.99351e-06	0.00000e+00	8.68855e-06	1	0	1	250406	135312	115094	0.00000e+00	0.00000e+00	0.00000e+00	0	0	0	16252	6184	10068	0.00000e+00	0.00000e+00	0.00000e+00	0	0	0	34570	14314	20256	0.00000e+00	0.00000e+00	0.00000e+00	0	0	0	21618	11262	10356	0.00000e+00	0.00000e+00	0.00000e+00	0	0	0	10058	5164	4894	8.86572e-06	0.00000e+00	2.01062e-05	1	0	1	112794	63058	49736	0.00000e+00	0.00000e+00	0.00000e+00	0	0	0	18392	9066	9326	0.00000e+00	0.00000e+00	0.00000e+00	0	0	0	30598	23060	7538	1	3.97627e-06
chr14	24574640	rs752113793	A	T	2541.15	snv	1	7.97461e-06	7.37790e-06	8.67634e-06	2	1	1	250796	135540	115256	0.00000e+00	0.00000e+00	0.00000e+00	0	0	0	16256	6186	10070	0.00000e+00	0.00000e+00	0.00000e+00	0	0	0	34586	14320	20266	0.00000e+00	0.00000e+00	0.00000e+00	0	0	0	21616	11262	10354	0.00000e+00	0.00000e+00	0.00000e+00	0	0	0	10064	5168	4896	1.76760e-05	1.58053e-05	2.00489e-05	2	1	1	113148	63270	49878	0.00000e+00	0.00000e+00	0.00000e+00	0	0	0	18392	9066	9326	0.00000e+00	0.00000e+00	0.00000e+00	0	0	0	30602	23062	7540	2	7.95248e-06
chr14	24574642	rs1160236266	T	G	1230.36	snv	1	3.98648e-06	7.37637e-06	0.00000e+00	1	1	0	250848	135568	115280	0.00000e+00	0.00000e+00	0.00000e+00	0	0	0	16254	6186	10068	0.00000e+00	0.00000e+00	0.00000e+00	0	0	0	34588	14320	20268	0.00000e+00	0.00000e+00	0.00000e+00	0	0	0	21622	11264	10358	0.00000e+00	0.00000e+00	0.00000e+00	0	0	0	10062	5166	4896	8.83423e-06	1.57988e-05	0.00000e+00	1	1	0	113196	63296	49900	0.00000e+00	0.00000e+00	0.00000e+00	0	0	0	18390	9066	9324	0.00000e+00	0.00000e+00	0.00000e+00	0	0	0	30604	23064	7540	1	3.97624e-06
chr14	24574644	rs375553712	G	C	2916.21	multi-snv	2	7.97251e-06	7.37561e-06	8.67453e-06	2	1	1	250862	135582	115280	0.00000e+00	0.00000e+00	0.00000e+00	0	0	0	16252	6186	10066	2.89151e-05	0.00000e+00	4.93486e-05	1	0	1	34584	14320	20264	0.00000e+00	0.00000e+00	0.00000e+00	0	0	0	21614	11260	10354	0.00000e+00	0.00000e+00	0.00000e+00	0	0	0	10068	5172	4896	8.83299e-06	1.57958e-05	0.00000e+00	1	1	0	113212	63308	49904	0.00000e+00	0.00000e+00	0.00000e+00	0	0	0	18394	9066	9328	0.00000e+00	0.00000e+00	0.00000e+00	0	0	0	30608	23066	7542	2	7.95248e-06
chr14	24574660	rs369767677	C	T	16151.28	snv	1	2.38983e-05	3.68476e-05	8.66776e-06	6	5	1	251064	135694	115370	6.15233e-05	0.00000e+00	9.93049e-05	1	0	1	16254	6184	10070	0.00000e+00	0.00000e+00	0.00000e+00	0	0	0	34588	14320	20268	0.00000e+00	0.00000e+00	0.00000e+00	0	0	0	21640	11270	10370	0.00000e+00	0.00000e+00	0.00000e+00	0	0	0	10066	5172	4894	4.41003e-05	7.88569e-05	0.00000e+00	5	5	0	113378	63406	49972	0.00000e+00	0.00000e+00	0.00000e+00	0	0	0	18394	9066	9328	0.00000e+00	0.00000e+00	0.00000e+00	0	0	0	30612	23070	7542	6	2.38574e-05
chr14	24574663	rs752967766	G	T	1492.36	snv	1	3.98035e-06	7.36399e-06	0.00000e+00	1	1	0	251234	135796	115438	0.00000e+00	0.00000e+00	0.00000e+00	0	0	0	16256	6186	10070	0.00000e+00	0.00000e+00	0.00000e+00	0	0	0	34590	14320	20270	0.00000e+00	0.00000e+00	0.00000e+00	0	0	0	21642	11274	10368	0.00000e+00	0.00000e+00	0.00000e+00	0	0	0	10074	5178	4896	8.80809e-06	1.57490e-05	0.00000e+00	1	1	0	113532	63496	50036	0.00000e+00	0.00000e+00	0.00000e+00	0	0	0	18394	9066	9328	0.00000e+00	0.00000e+00	0.00000e+00	0	0	0	30614	23070	7544	1	3.97624e-06
chr14	24574664	rs1341074856	G	T	2911.38	multi-snv	2	3.97978e-06	7.36312e-06	0.00000e+00	1	1	0	251270	135812	115458	0.00000e+00	0.00000e+00	0.00000e+00	0	0	0	16256	6186	10070	0.00000e+00	0.00000e+00	0.00000e+00	0	0	0	34590	14320	20270	0.00000e+00	0.00000e+00	0.00000e+00	0	0	0	21644	11274	10370	0.00000e+00	0.00000e+00	0.00000e+00	0	0	0	10078	5180	4898	0.00000e+00	0.00000e+00	0.00000e+00	0	0	0	113560	63510	50050	0.00000e+00	0.00000e+00	0.00000e+00	0	0	0	18394	9066	9328	3.26648e-05	4.33463e-05	0.00000e+00	1	1	0	30614	23070	7544	1	3.97624e-06
chr14	24574666	rs1415390393	A	T	1471.36	snv	1	3.97921e-06	7.36269e-06	0.00000e+00	1	1	0	251306	135820	115486	0.00000e+00	0.00000e+00	0.00000e+00	0	0	0	16256	6186	10070	0.00000e+00	0.00000e+00	0.00000e+00	0	0	0	34590	14320	20270	0.00000e+00	0.00000e+00	0.00000e+00	0	0	0	21644	11274	10370	0.00000e+00	0.00000e+00	0.00000e+00	0	0	0	10078	5180	4898	0.00000e+00	0.00000e+00	0.00000e+00	0	0	0	113598	63518	50080	5.43656e-05	1.10302e-04	0.00000e+00	1	1	0	18394	9066	9328	0.00000e+00	0.00000e+00	0.00000e+00	0	0	0	30614	23070	7544	1	3.97624e-06
chr14	24574667	rs756372561	G	A	3561.17	snv	1	7.95792e-06	7.36225e-06	8.65846e-06	2	1	1	251322	135828	115494	0.00000e+00	0.00000e+00	0.00000e+00	0	0	0	16256	6186	10070	2.89101e-05	6.98324e-05	0.00000e+00	1	1	0	34590	14320	20270	0.00000e+00	0.00000e+00	0.00000e+00	0	0	0	21642	11272	10370	0.00000e+00	0.00000e+00	0.00000e+00	0	0	0	10078	5180	4898	8.80173e-06	0.00000e+00	1.99657e-05	1	0	1	113614	63528	50086	0.00000e+00	0.00000e+00	0.00000e+00	0	0	0	18394	9066	9328	0.00000e+00	0.00000e+00	0.00000e+00	0	0	0	30614	23070	7544	2	7.95248e-06
chr14	24574668	rs1353379178	G	GTGGTACC	1810.36	indel	1	3.97861e-06	0.00000e+00	8.65726e-06	1	0	1	251344	135834	115510	0.00000e+00	0.00000e+00	0.00000e+00	0	0	0	16256	6186	10070	0.00000e+00	0.00000e+00	0.00000e+00	0	0	0	34590	14320	20270	4.62022e-05	0.00000e+00	9.64134e-05	1	0	1	21644	11272	10372	0.00000e+00	0.00000e+00	0.00000e+00	0	0	0	10078	5180	4898	0.00000e+00	0.00000e+00	0.00000e+00	0	0	0	113634	63534	50100	0.00000e+00	0.00000e+00	0.00000e+00	0	0	0	18394	9066	9328	0.00000e+00	0.00000e+00	0.00000e+00	0	0	0	30614	23070	7544	1	3.97624e-06
chr14	24574677	rs1055724302	G	A	735.37	snv	1	7.95570e-06	1.47204e-05	0.00000e+00	2	2	0	251392	135866	115526	1.23031e-04	3.23311e-04	0.00000e+00	2	2	0	16256	6186	10070	0.00000e+00	0.00000e+00	0.00000e+00	0	0	0	34592	14322	20270	0.00000e+00	0.00000e+00	0.00000e+00	0	0	0	21648	11274	10374	0.00000e+00	0.00000e+00	0.00000e+00	0	0	0	10080	5180	4900	0.00000e+00	0.00000e+00	0.00000e+00	0	0	0	113670	63558	50112	0.00000e+00	0.00000e+00	0.00000e+00	0	0	0	18394	9066	9328	0.00000e+00	0.00000e+00	0.00000e+00	0	0	0	30616	23072	7544	2	7.95241e-06
chr14	24574678	rs777953339	C	A	3611.15	snv	1	7.95602e-06	7.36073e-06	8.65606e-06	2	1	1	251382	135856	115526	0.00000e+00	0.00000e+00	0.00000e+00	0	0	0	16256	6186	10070	2.89084e-05	6.98227e-05	0.00000e+00	1	1	0	34592	14322	20270	0.00000e+00	0.00000e+00	0.00000e+00	0	0	0	21648	11274	10374	0.00000e+00	0.00000e+00	0.00000e+00	0	0	0	10080	5180	4900	0.00000e+00	0.00000e+00	0.00000e+00	0	0	0	113660	63548	50112	5.43656e-05	0.00000e+00	1.07204e-04	1	0	1	18394	9066	9328	0.00000e+00	0.00000e+00	0.00000e+00	0	0	0	30616	23072	7544	3	1.19286e-05
chr14	24574679	rs1352422347	A	G	867.36	snv	1	3.97747e-06	0.00000e+00	8.65501e-06	1	0	1	251416	135876	115540	0.00000e+00	0.00000e+00	0.00000e+00	0	0	0	16256	6186	10070	0.00000e+00	0.00000e+00	0.00000e+00	0	0	0	34592	14322	20270	0.00000e+00	0.00000e+00	0.00000e+00	0	0	0	21648	11274	10374	0.00000e+00	0.00000e+00	0.00000e+00	0	0	0	10080	5180	4900	8.79554e-06	0.00000e+00	1.99497e-05	1	0	1	113694	63568	50126	0.00000e+00	0.00000e+00	0.00000e+00	0	0	0	18394	9066	9328	0.00000e+00	0.00000e+00	0.00000e+00	0	0	0	30616	23072	7544	1	3.97621e-06
chr14	24574689	rs1282946555	T	C	1120.36	snv	1	3.97693e-06	7.35868e-06	0.00000e+00	1	1	0	251450	135894	115556	0.00000e+00	0.00000e+00	0.00000e+00	0	0	0	16256	6186	10070	0.00000e+00	0.00000e+00	0.00000e+00	0	0	0	34592	14322	20270	0.00000e+00	0.00000e+00	0.00000e+00	0	0	0	21648	11274	10374	0.00000e+00	0.00000e+00	0.00000e+00	0	0	0	10080	5180	4900	0.00000e+00	0.00000e+00	0.00000e+00	0	0	0	113728	63586	50142	0.00000e+00	0.00000e+00	0.00000e+00	0	0	0	18394	9066	9328	3.26627e-05	4.33426e-05	0.00000e+00	1	1	0	30616	23072	7544	1	3.97621e-06
chr14	24574693	rs1485705456	A	G	863.36	snv	1	3.97681e-06	7.35824e-06	0.00000e+00	1	1	0	251458	135902	115556	0.00000e+00	0.00000e+00	0.00000e+00	0	0	0	16256	6186	10070	0.00000e+00	0.00000e+00	0.00000e+00	0	0	0	34592	14322	20270	0.00000e+00	0.00000e+00	0.00000e+00	0	0	0	21648	11274	10374	0.00000e+00	0.00000e+00	0.00000e+00	0	0	0	10080	5180	4900	8.79229e-06	1.57248e-05	0.00000e+00	1	1	0	113736	63594	50142	0.00000e+00	0.00000e+00	0.00000e+00	0	0	0	18394	9066	9328	0.00000e+00	0.00000e+00	0.00000e+00	0	0	0	30616	23072	7544	1	3.97621e-06
chr14	24574695	rs770999519	T	A	15015.41	snv	1	2.38607e-05	7.35824e-06	4.32683e-05	6	1	5	251460	135902	115558	0.00000e+00	0.00000e+00	0.00000e+00	0	0	0	16256	6186	10070	1.73451e-04	6.98227e-05	2.46670e-04	6	1	5	34592	14322	20270	0.00000e+00	0.00000e+00	0.00000e+00	0	0	0	21648	11274	10374	0.00000e+00	0.00000e+00	0.00000e+00	0	0	0	10080	5180	4900	0.00000e+00	0.00000e+00	0.00000e+00	0	0	0	113740	63594	50146	0.00000e+00	0.00000e+00	0.00000e+00	0	0	0	18392	9066	9326	0.00000e+00	0.00000e+00	0.00000e+00	0	0	0	30616	23072	7544	6	2.38572e-05
chr14	24574699	rs1255989884	G	C	841.36	snv	1	3.97678e-06	7.35846e-06	0.00000e+00	1	1	0	251460	135898	115562	0.00000e+00	0.00000e+00	0.00000e+00	0	0	0	16256	6186	10070	0.00000e+00	0.00000e+00	0.00000e+00	0	0	0	34592	14322	20270	0.00000e+00	0.00000e+00	0.00000e+00	0	0	0	21648	11274	10374	0.00000e+00	0.00000e+00	0.00000e+00	0	0	0	10080	5180	4900	0.00000e+00	0.00000e+00	0.00000e+00	0	0	0	113742	63592	50150	5.43715e-05	1.10302e-04	0.00000e+00	1	1	0	18392	9066	9326	0.00000e+00	0.00000e+00	0.00000e+00	0	0	0	30614	23070	7544	1	3.97621e-06
chr14	24574706	rs1475145065	C	G	7602.2	multi-snv	3	3.97697e-06	7.35857e-06	0.00000e+00	1	1	0	251448	135896	115552	0.00000e+00	0.00000e+00	0.00000e+00	0	0	0	16256	6186	10070	0.00000e+00	0.00000e+00	0.00000e+00	0	0	0	34592	14322	20270	0.00000e+00	0.00000e+00	0.00000e+00	0	0	0	21646	11272	10374	0.00000e+00	0.00000e+00	0.00000e+00	0	0	0	10080	5180	4900	0.00000e+00	0.00000e+00	0.00000e+00	0	0	0	113736	63592	50144	0.00000e+00	0.00000e+00	0.00000e+00	0	0	0	18386	9064	9322	3.26648e-05	4.33463e-05	0.00000e+00	1	1	0	30614	23070	7544	1	3.97621e-06
chr14	24574706	rs1475145065	C	T	7602.2	multi-snv	3	7.95393e-06	1.47171e-05	0.00000e+00	2	2	0	251448	135896	115552	0.00000e+00	0.00000e+00	0.00000e+00	0	0	0	16256	6186	10070	0.00000e+00	0.00000e+00	0.00000e+00	0	0	0	34592	14322	20270	0.00000e+00	0.00000e+00	0.00000e+00	0	0	0	21646	11272	10374	0.00000e+00	0.00000e+00	0.00000e+00	0	0	0	10080	5180	4900	0.00000e+00	0.00000e+00	0.00000e+00	0	0	0	113736	63592	50144	0.00000e+00	0.00000e+00	0.00000e+00	0	0	0	18386	9064	9322	6.53296e-05	8.66927e-05	0.00000e+00	2	2	0	30614	23070	7544	2	7.95241e-06
chr14	24574711	rs778798242	A	G	1031.36	snv	1	3.97668e-06	7.35803e-06	0.00000e+00	1	1	0	251466	135906	115560	0.00000e+00	0.00000e+00	0.00000e+00	0	0	0	16256	6186	10070	0.00000e+00	0.00000e+00	0.00000e+00	0	0	0	34590	14322	20268	0.00000e+00	0.00000e+00	0.00000e+00	0	0	0	21646	11272	10374	0.00000e+00	0.00000e+00	0.00000e+00	0	0	0	10080	5180	4900	8.79121e-06	1.57238e-05	0.00000e+00	1	1	0	113750	63598	50152	0.00000e+00	0.00000e+00	0.00000e+00	0	0	0	18390	9066	9324	0.00000e+00	0.00000e+00	0.00000e+00	0	0	0	30616	23072	7544	1	3.97621e-06
chr14	24574719	rs1468804704	G	A	1902.36	snv	1	3.97678e-06	0.00000e+00	8.65381e-06	1	0	1	251460	135904	115556	6.15157e-05	0.00000e+00	9.93049e-05	1	0	1	16256	6186	10070	0.00000e+00	0.00000e+00	0.00000e+00	0	0	0	34590	14322	20268	0.00000e+00	0.00000e+00	0.00000e+00	0	0	0	21646	11272	10374	0.00000e+00	0.00000e+00	0.00000e+00	0	0	0	10080	5180	4900	0.00000e+00	0.00000e+00	0.00000e+00	0	0	0	113746	63600	50146	0.00000e+00	0.00000e+00	0.00000e+00	0	0	0	18388	9062	9326	0.00000e+00	0.00000e+00	0.00000e+00	0	0	0	30616	23072	7544	1	3.97621e-06
chr14	24574722	rs746987010	G	A	1982.37	snv	1	3.97665e-06	0.00000e+00	8.65366e-06	1	0	1	251468	135910	115558	0.00000e+00	0.00000e+00	0.00000e+00	0	0	0	16256	6186	10070	0.00000e+00	0.00000e+00	0.00000e+00	0	0	0	34590	14322	20268	0.00000e+00	0.00000e+00	0.00000e+00	0	0	0	21648	11274	10374	0.00000e+00	0.00000e+00	0.00000e+00	0	0	0	10080	5180	4900	8.79136e-06	0.00000e+00	1.99402e-05	1	0	1	113748	63598	50150	0.00000e+00	0.00000e+00	0.00000e+00	0	0	0	18390	9066	9324	0.00000e+00	0.00000e+00	0.00000e+00	0	0	0	30616	23072	7544	1	3.97621e-06
chr14	24574727	rs768436752	C	A	7476.17	multi-snv	2	7.95355e-06	1.47161e-05	0.00000e+00	2	2	0	251460	135906	115554	0.00000e+00	0.00000e+00	0.00000e+00	0	0	0	16256	6186	10070	0.00000e+00	0.00000e+00	0.00000e+00	0	0	0	34590	14322	20268	0.00000e+00	0.00000e+00	0.00000e+00	0	0	0	21648	11274	10374	0.00000e+00	0.00000e+00	0.00000e+00	0	0	0	10080	5180	4900	1.75830e-05	3.14465e-05	0.00000e+00	2	2	0	113746	63600	50146	0.00000e+00	0.00000e+00	0.00000e+00	0	0	0	18384	9060	9324	0.00000e+00	0.00000e+00	0.00000e+00	0	0	0	30616	23072	7544	2	7.95241e-06
chr14	24574727	rs768436752	C	T	7476.17	multi-snv	2	3.97678e-06	7.35803e-06	0.00000e+00	1	1	0	251460	135906	115554	0.00000e+00	0.00000e+00	0.00000e+00	0	0	0	16256	6186	10070	0.00000e+00	0.00000e+00	0.00000e+00	0	0	0	34590	14322	20268	0.00000e+00	0.00000e+00	0.00000e+00	0	0	0	21648	11274	10374	0.00000e+00	0.00000e+00	0.00000e+00	0	0	0	10080	5180	4900	8.79152e-06	1.57233e-05	0.00000e+00	1	1	0	113746	63600	50146	0.00000e+00	0.00000e+00	0.00000e+00	0	0	0	18384	9060	9324	0.00000e+00	0.00000e+00	0.00000e+00	0	0	0	30616	23072	7544	1	3.97621e-06
chr14	24574737	rs1314697461	T	C	1119.36	snv	1	3.97655e-06	7.35781e-06	0.00000e+00	1	1	0	251474	135910	115564	0.00000e+00	0.00000e+00	0.00000e+00	0	0	0	16256	6186	10070	0.00000e+00	0.00000e+00	0.00000e+00	0	0	0	34590	14322	20268	0.00000e+00	0.00000e+00	0.00000e+00	0	0	0	21648	11274	10374	0.00000e+00	0.00000e+00	0.00000e+00	0	0	0	10080	5180	4900	0.00000e+00	0.00000e+00	0.00000e+00	0	0	0	113752	63600	50152	0.00000e+00	0.00000e+00	0.00000e+00	0	0	0	18392	9064	9328	3.26627e-05	4.33426e-05	0.00000e+00	1	1	0	30616	23072	7544	1	3.97621e-06
chr14	24574739	rs776528889	C	A	5830.17	multi-snv	2	7.95342e-06	7.35814e-06	8.65351e-06	2	1	1	251464	135904	115560	0.00000e+00	0.00000e+00	0.00000e+00	0	0	0	16256	6186	10070	0.00000e+00	0.00000e+00	0.00000e+00	0	0	0	34592	14322	20270	0.00000e+00	0.00000e+00	0.00000e+00	0	0	0	21648	11274	10374	0.00000e+00	0.00000e+00	0.00000e+00	0	0	0	10080	5180	4900	8.79136e-06	0.00000e+00	1.99402e-05	1	0	1	113748	63598	50150	5.43951e-05	1.10375e-04	0.00000e+00	1	1	0	18384	9060	9324	0.00000e+00	0.00000e+00	0.00000e+00	0	0	0	30616	23072	7544	2	7.95241e-06
chr14	24574739	rs776528889	C	T	5830.17	multi-snv	2	3.97671e-06	0.00000e+00	8.65351e-06	1	0	1	251464	135904	115560	0.00000e+00	0.00000e+00	0.00000e+00	0	0	0	16256	6186	10070	0.00000e+00	0.00000e+00	0.00000e+00	0	0	0	34592	14322	20270	0.00000e+00	0.00000e+00	0.00000e+00	0	0	0	21648	11274	10374	0.00000e+00	0.00000e+00	0.00000e+00	0	0	0	10080	5180	4900	8.79136e-06	0.00000e+00	1.99402e-05	1	0	1	113748	63598	50150	0.00000e+00	0.00000e+00	0.00000e+00	0	0	0	18384	9060	9324	0.00000e+00	0.00000e+00	0.00000e+00	0	0	0	30616	23072	7544	1	3.97621e-06
chr14	24574741	rs533433194	C	T	7042.17	multi-snv	2	7.95317e-06	7.35781e-06	8.65336e-06	2	1	1	251472	135910	115562	0.00000e+00	0.00000e+00	0.00000e+00	0	0	0	16256	6186	10070	0.00000e+00	0.00000e+00	0.00000e+00	0	0	0	34592	14322	20270	0.00000e+00	0.00000e+00	0.00000e+00	0	0	0	21648	11274	10374	0.00000e+00	0.00000e+00	0.00000e+00	0	0	0	10080	5180	4900	1.75821e-05	1.57233e-05	1.99394e-05	2	1	1	113752	63600	50152	0.00000e+00	0.00000e+00	0.00000e+00	0	0	0	18388	9064	9324	0.00000e+00	0.00000e+00	0.00000e+00	0	0	0	30616	23072	7544	2	7.95241e-06
chr14	24574744	rs1307456242	A	C	835.36	snv	1	3.97646e-06	7.35749e-06	0.00000e+00	1	1	0	251480	135916	115564	0.00000e+00	0.00000e+00	0.00000e+00	0	0	0	16256	6186	10070	0.00000e+00	0.00000e+00	0.00000e+00	0	0	0	34592	14322	20270	0.00000e+00	0.00000e+00	0.00000e+00	0	0	0	21648	11274	10374	0.00000e+00	0.00000e+00	0.00000e+00	0	0	0	10080	5180	4900	0.00000e+00	0.00000e+00	0.00000e+00	0	0	0	113758	63606	50152	5.43774e-05	1.10327e-04	0.00000e+00	1	1	0	18390	9064	9326	0.00000e+00	0.00000e+00	0.00000e+00	0	0	0	30616	23072	7544	1	3.97621e-06
chr14	24574745	rs61737120	G	A	2256678.92	snv	1	3.54311e-03	2.72223e-03	4.50864e-03	891	370	521	251474	135918	115556	4.79326e-02	5.30230e-02	4.48043e-02	779	328	451	16252	6186	10066	2.54394e-03	2.09468e-03	2.86137e-03	88	30	58	34592	14322	20270	0.00000e+00	0.00000e+00	0.00000e+00	0	0	0	21648	11274	10374	0.00000e+00	0.00000e+00	0.00000e+00	0	0	0	10080	5180	4900	9.66999e-05	7.86089e-05	1.19646e-04	11	5	6	113754	63606	50148	0.00000e+00	0.00000e+00	0.00000e+00	0	0	0	18392	9066	9326	6.53253e-05	8.66852e-05	0.00000e+00	2	2	0	30616	23072	7544	894	3.55473e-03
chr14	24574747	rs762629297	G	A	3182.14	snv	1	7.95298e-06	7.35738e-06	8.65351e-06	2	1	1	251478	135918	115560	0.00000e+00	0.00000e+00	0.00000e+00	0	0	0	16256	6186	10070	5.78168e-05	6.98227e-05	4.93340e-05	2	1	1	34592	14322	20270	0.00000e+00	0.00000e+00	0.00000e+00	0	0	0	21648	11274	10374	0.00000e+00	0.00000e+00	0.00000e+00	0	0	0	10080	5180	4900	0.00000e+00	0.00000e+00	0.00000e+00	0	0	0	113754	63606	50148	0.00000e+00	0.00000e+00	0.00000e+00	0	0	0	18392	9066	9326	0.00000e+00	0.00000e+00	0.00000e+00	0	0	0	30616	23072	7544	2	7.95241e-06
chr14	24574748	rs766002924	A	G	2602.37	multi-snv	2	3.97646e-06	0.00000e+00	8.65306e-06	1	0	1	251480	135914	115566	0.00000e+00	0.00000e+00	0.00000e+00	0	0	0	16256	6186	10070	0.00000e+00	0.00000e+00	0.00000e+00	0	0	0	34592	14322	20270	0.00000e+00	0.00000e+00	0.00000e+00	0	0	0	21648	11274	10374	0.00000e+00	0.00000e+00	0.00000e+00	0	0	0	10080	5180	4900	8.79075e-06	0.00000e+00	1.99394e-05	1	0	1	113756	63604	50152	0.00000e+00	0.00000e+00	0.00000e+00	0	0	0	18392	9064	9328	0.00000e+00	0.00000e+00	0.00000e+00	0	0	0	30616	23072	7544	1	3.97621e-06
chr14	24574748	rs766002924	A	T	2602.37	multi-snv	2	3.97646e-06	7.35759e-06	0.00000e+00	1	1	0	251480	135914	115566	0.00000e+00	0.00000e+00	0.00000e+00	0	0	0	16256	6186	10070	0.00000e+00	0.00000e+00	0.00000e+00	0	0	0	34592	14322	20270	0.00000e+00	0.00000e+00	0.00000e+00	0	0	0	21648	11274	10374	9.92063e-05	1.93050e-04	0.00000e+00	1	1	0	10080	5180	4900	0.00000e+00	0.00000e+00	0.00000e+00	0	0	0	113756	63604	50152	0.00000e+00	0.00000e+00	0.00000e+00	0	0	0	18392	9064	9328	0.00000e+00	0.00000e+00	0.00000e+00	0	0	0	30616	23072	7544	1	3.97621e-06
chr14	24574749	rs146166184	T	C	7388.37	snv	1	7.95298e-06	7.35759e-06	8.65321e-06	2	1	1	251478	135914	115564	1.23031e-04	1.61655e-04	9.93049e-05	2	1	1	16256	6186	10070	0.00000e+00	0.00000e+00	0.00000e+00	0	0	0	34592	14322	20270	0.00000e+00	0.00000e+00	0.00000e+00	0	0	0	21648	11274	10374	0.00000e+00	0.00000e+00	0.00000e+00	0	0	0	10080	5180	4900	0.00000e+00	0.00000e+00	0.00000e+00	0	0	0	113754	63604	50150	0.00000e+00	0.00000e+00	0.00000e+00	0	0	0	18392	9064	9328	0.00000e+00	0.00000e+00	0.00000e+00	0	0	0	30616	23072	7544	2	7.95241e-06
chr14	24574750	rs760122958	G	A	9582.39	multi-snv	3	3.97662e-06	7.35770e-06	0.00000e+00	1	1	0	251470	135912	115558	0.00000e+00	0.00000e+00	0.00000e+00	0	0	0	16256	6186	10070	0.00000e+00	0.00000e+00	0.00000e+00	0	0	0	34592	14322	20270	0.00000e+00	0.00000e+00	0.00000e+00	0	0	0	21648	11274	10374	0.00000e+00	0.00000e+00	0.00000e+00	0	0	0	10080	5180	4900	0.00000e+00	0.00000e+00	0.00000e+00	0	0	0	113744	63600	50144	0.00000e+00	0.00000e+00	0.00000e+00	0	0	0	18394	9066	9328	3.26627e-05	4.33426e-05	0.00000e+00	1	1	0	30616	23072	7544	1	3.97621e-06
chr14	24574750	rs760122958	G	C	9582.39	multi-snv	3	3.97662e-06	7.35770e-06	0.00000e+00	1	1	0	251470	135912	115558	6.15157e-05	1.61655e-04	0.00000e+00	1	1	0	16256	6186	10070	0.00000e+00	0.00000e+00	0.00000e+00	0	0	0	34592	14322	20270	0.00000e+00	0.00000e+00	0.00000e+00	0	0	0	21648	11274	10374	0.00000e+00	0.00000e+00	0.00000e+00	0	0	0	10080	5180	4900	0.00000e+00	0.00000e+00	0.00000e+00	0	0	0	113744	63600	50144	0.00000e+00	0.00000e+00	0.00000e+00	0	0	0	18394	9066	9328	0.00000e+00	0.00000e+00	0.00000e+00	0	0	0	30616	23072	7544	1	3.97621e-06
chr14	24574750	rs760122958	G	T	9582.39	multi-snv	3	1.19299e-05	0.00000e+00	2.59610e-05	3	0	3	251470	135912	115558	0.00000e+00	0.00000e+00	0.00000e+00	0	0	0	16256	6186	10070	0.00000e+00	0.00000e+00	0.00000e+00	0	0	0	34592	14322	20270	0.00000e+00	0.00000e+00	0.00000e+00	0	0	0	21648	11274	10374	0.00000e+00	0.00000e+00	0.00000e+00	0	0	0	10080	5180	4900	0.00000e+00	0.00000e+00	0.00000e+00	0	0	0	113744	63600	50144	1.63097e-04	0.00000e+00	3.21612e-04	3	0	3	18394	9066	9328	0.00000e+00	0.00000e+00	0.00000e+00	0	0	0	30616	23072	7544	3	1.19286e-05
chr14	24574758	rs1277511455	G	T	1503.35	snv	1	3.97671e-06	0.00000e+00	8.65366e-06	1	0	1	251464	135906	115558	0.00000e+00	0.00000e+00	0.00000e+00	0	0	0	16256	6186	10070	0.00000e+00	0.00000e+00	0.00000e+00	0	0	0	34592	14322	20270	0.00000e+00	0.00000e+00	0.00000e+00	0	0	0	21648	11274	10374	0.00000e+00	0.00000e+00	0.00000e+00	0	0	0	10080	5180	4900	8.79214e-06	0.00000e+00	1.99426e-05	1	0	1	113738	63594	50144	0.00000e+00	0.00000e+00	0.00000e+00	0	0	0	18394	9066	9328	0.00000e+00	0.00000e+00	0.00000e+00	0	0	0	30616	23072	7544	1	3.97621e-06
chr14	24574762	rs1485640521	G	A	1382.36	snv	1	3.97697e-06	0.00000e+00	8.65441e-06	1	0	1	251448	135900	115548	6.15157e-05	0.00000e+00	9.93049e-05	1	0	1	16256	6186	10070	0.00000e+00	0.00000e+00	0.00000e+00	0	0	0	34592	14322	20270	0.00000e+00	0.00000e+00	0.00000e+00	0	0	0	21648	11274	10374	0.00000e+00	0.00000e+00	0.00000e+00	0	0	0	10080	5180	4900	0.00000e+00	0.00000e+00	0.00000e+00	0	0	0	113724	63590	50134	0.00000e+00	0.00000e+00	0.00000e+00	0	0	0	18392	9064	9328	0.00000e+00	0.00000e+00	0.00000e+00	0	0	0	30616	23072	7544	1	3.97621e-06
chr14	24574763	rs1196821984	T	G	1741.36	snv	1	3.97712e-06	0.00000e+00	8.65441e-06	1	0	1	251438	135890	115548	0.00000e+00	0.00000e+00	0.00000e+00	0	0	0	16256	6186	10070	0.00000e+00	0.00000e+00	0.00000e+00	0	0	0	34590	14320	20270	0.00000e+00	0.00000e+00	0.00000e+00	0	0	0	21648	11274	10374	0.00000e+00	0.00000e+00	0.00000e+00	0	0	0	10080	5180	4900	8.79368e-06	0.00000e+00	1.99457e-05	1	0	1	113718	63582	50136	0.00000e+00	0.00000e+00	0.00000e+00	0	0	0	18392	9066	9326	0.00000e+00	0.00000e+00	0.00000e+00	0	0	0	30616	23072	7544	1	3.97621e-06
chr14	24574766	.	T	A	1091.37	snv	1	7.95431e-06	1.47178e-05	0.00000e+00	2	2	0	251436	135890	115546	1.23031e-04	3.23311e-04	0.00000e+00	2	2	0	16256	6186	10070	0.00000e+00	0.00000e+00	0.00000e+00	0	0	0	34592	14322	20270	0.00000e+00	0.00000e+00	0.00000e+00	0	0	0	21646	11274	10372	0.00000e+00	0.00000e+00	0.00000e+00	0	0	0	10080	5180	4900	0.00000e+00	0.00000e+00	0.00000e+00	0	0	0	113712	63578	50134	0.00000e+00	0.00000e+00	0.00000e+00	0	0	0	18394	9066	9328	0.00000e+00	0.00000e+00	0.00000e+00	0	0	0	30616	23072	7544	2	7.95241e-06
chr14	24574768	rs756462496	C	T	1454.36	snv	1	3.97735e-06	7.35911e-06	0.00000e+00	1	1	0	251424	135886	115538	0.00000e+00	0.00000e+00	0.00000e+00	0	0	0	16256	6186	10070	0.00000e+00	0.00000e+00	0.00000e+00	0	0	0	34590	14322	20268	0.00000e+00	0.00000e+00	0.00000e+00	0	0	0	21646	11274	10372	0.00000e+00	0.00000e+00	0.00000e+00	0	0	0	10078	5178	4900	0.00000e+00	0.00000e+00	0.00000e+00	0	0	0	113704	63576	50128	0.00000e+00	0.00000e+00	0.00000e+00	0	0	0	18394	9066	9328	0.00000e+00	0.00000e+00	0.00000e+00	0	0	0	30616	23072	7544	1	3.97621e-06
chr14	24574769	rs764372295	C	A	3770.14	multi-snv	2	3.97750e-06	7.35943e-06	0.00000e+00	1	1	0	251414	135880	115534	0.00000e+00	0.00000e+00	0.00000e+00	0	0	0	16256	6186	10070	0.00000e+00	0.00000e+00	0.00000e+00	0	0	0	34590	14322	20268	0.00000e+00	0.00000e+00	0.00000e+00	0	0	0	21646	11274	10372	0.00000e+00	0.00000e+00	0.00000e+00	0	0	0	10080	5180	4900	0.00000e+00	0.00000e+00	0.00000e+00	0	0	0	113692	63568	50124	0.00000e+00	0.00000e+00	0.00000e+00	0	0	0	18394	9066	9328	3.26627e-05	4.33426e-05	0.00000e+00	1	1	0	30616	23072	7544	1	3.97621e-06
chr14	24574769	rs764372295	C	T	3770.14	multi-snv	2	3.97750e-06	0.00000e+00	8.65546e-06	1	0	1	251414	135880	115534	0.00000e+00	0.00000e+00	0.00000e+00	0	0	0	16256	6186	10070	2.89101e-05	0.00000e+00	4.93389e-05	1	0	1	34590	14322	20268	0.00000e+00	0.00000e+00	0.00000e+00	0	0	0	21646	11274	10372	0.00000e+00	0.00000e+00	0.00000e+00	0	0	0	10080	5180	4900	0.00000e+00	0.00000e+00	0.00000e+00	0	0	0	113692	63568	50124	0.00000e+00	0.00000e+00	0.00000e+00	0	0	0	18394	9066	9328	0.00000e+00	0.00000e+00	0.00000e+00	0	0	0	30616	23072	7544	1	3.97621e-06
chr14	24574770	rs754069657	G	T	2450.37	snv	1	7.95564e-06	7.35998e-06	8.65621e-06	2	1	1	251394	135870	115524	0.00000e+00	0.00000e+00	0.00000e+00	0	0	0	16256	6186	10070	0.00000e+00	0.00000e+00	0.00000e+00	0	0	0	34590	14322	20268	0.00000e+00	0.00000e+00	0.00000e+00	0	0	0	21646	11274	10372	9.92063e-05	1.93050e-04	0.00000e+00	1	1	0	10080	5180	4900	0.00000e+00	0.00000e+00	0.00000e+00	0	0	0	113672	63558	50114	0.00000e+00	0.00000e+00	0.00000e+00	0	0	0	18394	9066	9328	3.26627e-05	0.00000e+00	1.32556e-04	1	0	1	30616	23072	7544	3	1.19286e-05
chr14	24574779	rs1395883473	T	C	1289.37	snv	1	3.97807e-06	7.36019e-06	0.00000e+00	1	1	0	251378	135866	115512	0.00000e+00	0.00000e+00	0.00000e+00	0	0	0	16256	6186	10070	0.00000e+00	0.00000e+00	0.00000e+00	0	0	0	34590	14322	20268	0.00000e+00	0.00000e+00	0.00000e+00	0	0	0	21646	11274	10372	0.00000e+00	0.00000e+00	0.00000e+00	0	0	0	10080	5180	4900	0.00000e+00	0.00000e+00	0.00000e+00	0	0	0	113656	63554	50102	5.43656e-05	1.10302e-04	0.00000e+00	1	1	0	18394	9066	9328	0.00000e+00	0.00000e+00	0.00000e+00	0	0	0	30616	23072	7544	1	3.97621e-06
chr14	24574784	rs140109731	T	C	1977.37	snv	1	3.97861e-06	0.00000e+00	8.65816e-06	1	0	1	251344	135846	115498	0.00000e+00	0.00000e+00	0.00000e+00	0	0	0	16256	6186	10070	0.00000e+00	0.00000e+00	0.00000e+00	0	0	0	34588	14320	20268	0.00000e+00	0.00000e+00	0.00000e+00	0	0	0	21642	11272	10370	0.00000e+00	0.00000e+00	0.00000e+00	0	0	0	10078	5178	4900	8.80003e-06	0.00000e+00	1.99641e-05	1	0	1	113636	63546	50090	0.00000e+00	0.00000e+00	0.00000e+00	0	0	0	18390	9062	9328	0.00000e+00	0.00000e+00	0.00000e+00	0	0	0	30616	23072	7544	1	3.97621e-06
chr14	24574789	rs143803246	G	A	326308.85	multi-snv	2	7.95906e-06	7.36269e-06	8.66056e-06	2	1	1	251286	135820	115466	1.23031e-04	1.61655e-04	9.93049e-05	2	1	1	16256	6186	10070	0.00000e+00	0.00000e+00	0.00000e+00	0	0	0	34590	14322	20268	0.00000e+00	0.00000e+00	0.00000e+00	0	0	0	21638	11270	10368	0.00000e+00	0.00000e+00	0.00000e+00	0	0	0	10080	5180	4900	0.00000e+00	0.00000e+00	0.00000e+00	0	0	0	113576	63516	50060	0.00000e+00	0.00000e+00	0.00000e+00	0	0	0	18392	9064	9328	0.00000e+00	0.00000e+00	0.00000e+00	0	0	0	30616	23072	7544	3	1.19286e-05
chr14	24574789	rs143803246	G	T	326308.85	multi-snv	2	8.87435e-04	8.39346e-04	9.44001e-04	223	114	109	251286	135820	115466	6.15157e-05	0.00000e+00	9.93049e-05	1	0	1	16256	6186	10070	2.89101e-05	0.00000e+00	4.93389e-05	1	0	1	34590	14322	20268	9.10435e-03	8.87311e-03	9.35571e-03	197	100	97	21638	11270	10368	0.00000e+00	0.00000e+00	0.00000e+00	0	0	0	10080	5180	4900	1.76094e-04	1.88929e-04	1.59808e-04	20	12	8	113576	63516	50060	0.00000e+00	0.00000e+00	0.00000e+00	0	0	0	18392	9064	9328	9.79880e-05	8.66852e-05	1.32556e-04	3	2	1	30616	23072	7544	224	8.90670e-04
chr14	24574793	rs1394492765	A	G	1163.36	snv	1	3.97969e-06	7.36334e-06	0.00000e+00	1	1	0	251276	135808	115468	0.00000e+00	0.00000e+00	0.00000e+00	0	0	0	16256	6186	10070	0.00000e+00	0.00000e+00	0.00000e+00	0	0	0	34588	14320	20268	0.00000e+00	0.00000e+00	0.00000e+00	0	0	0	21640	11272	10368	0.00000e+00	0.00000e+00	0.00000e+00	0	0	0	10080	5180	4900	8.80561e-06	1.57475e-05	0.00000e+00	1	1	0	113564	63502	50062	0.00000e+00	0.00000e+00	0.00000e+00	0	0	0	18394	9066	9328	0.00000e+00	0.00000e+00	0.00000e+00	0	0	0	30616	23072	7544	1	3.97621e-06
chr14	24574804	rs1434030483	T	C	3356.15	snv	1	1.19472e-05	2.21030e-05	0.00000e+00	3	3	0	251104	135728	115376	0.00000e+00	0.00000e+00	0.00000e+00	0	0	0	16256	6186	10070	0.00000e+00	0.00000e+00	0.00000e+00	0	0	0	34590	14322	20268	0.00000e+00	0.00000e+00	0.00000e+00	0	0	0	21632	11264	10368	0.00000e+00	0.00000e+00	0.00000e+00	0	0	0	10076	5178	4898	0.00000e+00	0.00000e+00	0.00000e+00	0	0	0	113402	63430	49972	0.00000e+00	0.00000e+00	0.00000e+00	0	0	0	18394	9066	9328	9.79880e-05	1.30028e-04	0.00000e+00	3	3	0	30616	23072	7544	3	1.19286e-05
chr14	24574806	rs1003921584	T	G	6952.96	snv	1	3.98298e-06	7.36844e-06	0.00000e+00	1	1	0	251068	135714	115354	0.00000e+00	0.00000e+00	0.00000e+00	0	0	0	16256	6186	10070	0.00000e+00	0.00000e+00	0.00000e+00	0	0	0	34590	14322	20268	0.00000e+00	0.00000e+00	0.00000e+00	0	0	0	21632	11266	10366	0.00000e+00	0.00000e+00	0.00000e+00	0	0	0	10076	5178	4898	8.82099e-06	1.57694e-05	0.00000e+00	1	1	0	113366	63414	49952	0.00000e+00	0.00000e+00	0.00000e+00	0	0	0	18394	9066	9328	0.00000e+00	0.00000e+00	0.00000e+00	0	0	0	30616	23072	7544	1	3.97621e-06
chr14	24574817	rs754992098	A	G	708.36	snv	1	3.98724e-06	7.37474e-06	0.00000e+00	1	1	0	250800	135598	115202	0.00000e+00	0.00000e+00	0.00000e+00	0	0	0	16256	6186	10070	0.00000e+00	0.00000e+00	0.00000e+00	0	0	0	34590	14322	20268	0.00000e+00	0.00000e+00	0.00000e+00	0	0	0	21600	11252	10348	0.00000e+00	0.00000e+00	0.00000e+00	0	0	0	10074	5176	4898	0.00000e+00	0.00000e+00	0.00000e+00	0	0	0	113138	63316	49822	0.00000e+00	0.00000e+00	0.00000e+00	0	0	0	18394	9066	9328	3.26627e-05	4.33426e-05	0.00000e+00	1	1	0	30616	23072	7544	1	3.97624e-06
chr14	24574820	rs754744781	C	CA	2099.39	mixed	2	3.98940e-06	7.37909e-06	0.00000e+00	1	1	0	250664	135518	115146	6.15157e-05	1.61655e-04	0.00000e+00	1	1	0	16256	6186	10070	0.00000e+00	0.00000e+00	0.00000e+00	0	0	0	34590	14322	20268	0.00000e+00	0.00000e+00	0.00000e+00	0	0	0	21568	11230	10338	0.00000e+00	0.00000e+00	0.00000e+00	0	0	0	10074	5176	4898	0.00000e+00	0.00000e+00	0.00000e+00	0	0	0	113034	63258	49776	0.00000e+00	0.00000e+00	0.00000e+00	0	0	0	18394	9066	9328	0.00000e+00	0.00000e+00	0.00000e+00	0	0	0	30616	23072	7544	1	3.97624e-06
chr14	24574820	rs754744781	C	T	2099.39	mixed	2	3.98940e-06	0.00000e+00	8.68463e-06	1	0	1	250664	135518	115146	0.00000e+00	0.00000e+00	0.00000e+00	0	0	0	16256	6186	10070	2.89101e-05	0.00000e+00	4.93389e-05	1	0	1	34590	14322	20268	0.00000e+00	0.00000e+00	0.00000e+00	0	0	0	21568	11230	10338	0.00000e+00	0.00000e+00	0.00000e+00	0	0	0	10074	5176	4898	0.00000e+00	0.00000e+00	0.00000e+00	0	0	0	113034	63258	49776	0.00000e+00	0.00000e+00	0.00000e+00	0	0	0	18394	9066	9328	0.00000e+00	0.00000e+00	0.00000e+00	0	0	0	30616	23072	7544	1	3.97624e-06
chr14	24574822	rs1327895682	A	G	7398.17	snv	1	7.97906e-06	7.37920e-06	8.68508e-06	2	1	1	250656	135516	115140	0.00000e+00	0.00000e+00	0.00000e+00	0	0	0	16256	6186	10070	0.00000e+00	0.00000e+00	0.00000e+00	0	0	0	34590	14322	20268	0.00000e+00	0.00000e+00	0.00000e+00	0	0	0	21574	11232	10342	0.00000e+00	0.00000e+00	0.00000e+00	0	0	0	10074	5176	4898	1.76957e-05	1.58088e-05	2.00940e-05	2	1	1	113022	63256	49766	0.00000e+00	0.00000e+00	0.00000e+00	0	0	0	18394	9066	9328	0.00000e+00	0.00000e+00	0.00000e+00	0	0	0	30616	23072	7544	2	7.95248e-06
chr14	24574830	rs965705500	G	T	1229.37	snv	1	7.99444e-06	7.39164e-06	8.70428e-06	2	1	1	250174	135288	114886	0.00000e+00	0.00000e+00	0.00000e+00	0	0	0	16256	6186	10070	0.00000e+00	0.00000e+00	0.00000e+00	0	0	0	34590	14322	20268	0.00000e+00	0.00000e+00	0.00000e+00	0	0	0	21468	11182	10286	0.00000e+00	0.00000e+00	0.00000e+00	0	0	0	10072	5174	4898	1.77535e-05	1.58524e-05	2.01727e-05	2	1	1	112654	63082	49572	0.00000e+00	0.00000e+00	0.00000e+00	0	0	0	18394	9066	9328	0.00000e+00	0.00000e+00	0.00000e+00	0	0	0	30616	23072	7544	2	7.95254e-06
chr14	24574834	rs536195182	G	A	178337.17	snv	1	5.48149e-04	7.25088e-04	3.39792e-04	137	98	39	249932	135156	114776	0.00000e+00	0.00000e+00	0.00000e+00	0	0	0	16256	6186	10070	0.00000e+00	0.00000e+00	0.00000e+00	0	0	0	34590	14322	20268	0.00000e+00	0.00000e+00	0.00000e+00	0	0	0	21386	11138	10248	0.00000e+00	0.00000e+00	0.00000e+00	0	0	0	10070	5172	4898	0.00000e+00	0.00000e+00	0.00000e+00	0	0	0	112500	62998	49502	0.00000e+00	0.00000e+00	0.00000e+00	0	0	0	18392	9066	9326	4.44241e-03	4.20459e-03	5.16967e-03	136	97	39	30614	23070	7544	137	5.44753e-04
chr14	24574839	rs748024164	G	A	1581.38	snv	1	4.00805e-06	0.00000e+00	8.72996e-06	1	0	1	249498	134950	114548	0.00000e+00	0.00000e+00	0.00000e+00	0	0	0	16256	6186	10070	0.00000e+00	0.00000e+00	0.00000e+00	0	0	0	34590	14322	20268	0.00000e+00	0.00000e+00	0.00000e+00	0	0	0	21238	11060	10178	0.00000e+00	0.00000e+00	0.00000e+00	0	0	0	10062	5168	4894	0.00000e+00	0.00000e+00	0.00000e+00	0	0	0	112224	62876	49348	5.43715e-05	0.00000e+00	1.07227e-04	1	0	1	18392	9066	9326	0.00000e+00	0.00000e+00	0.00000e+00	0	0	0	30616	23072	7544	1	3.97627e-06
chr14	24574840	rs556092064	C	A	3423.19	multi-snv	2	4.00933e-06	0.00000e+00	8.73225e-06	1	0	1	249418	134900	114518	0.00000e+00	0.00000e+00	0.00000e+00	0	0	0	16256	6186	10070	0.00000e+00	0.00000e+00	0.00000e+00	0	0	0	34590	14322	20268	0.00000e+00	0.00000e+00	0.00000e+00	0	0	0	21240	11062	10178	0.00000e+00	0.00000e+00	0.00000e+00	0	0	0	10060	5164	4896	0.00000e+00	0.00000e+00	0.00000e+00	0	0	0	112148	62832	49316	0.00000e+00	0.00000e+00	0.00000e+00	0	0	0	18394	9066	9328	3.26691e-05	0.00000e+00	1.32591e-04	1	0	1	30610	23068	7542	2	7.95248e-06
chr14	24574841	rs773085005	A	G	1779.38	snv	1	8.01899e-06	0.00000e+00	1.74642e-05	2	0	2	249408	134888	114520	0.00000e+00	0.00000e+00	0.00000e+00	0	0	0	16256	6186	10070	0.00000e+00	0.00000e+00	0.00000e+00	0	0	0	34590	14322	20268	0.00000e+00	0.00000e+00	0.00000e+00	0	0	0	21216	11044	10172	0.00000e+00	0.00000e+00	0.00000e+00	0	0	0	10058	5164	4894	8.91552e-06	0.00000e+00	2.02733e-05	1	0	1	112164	62838	49326	5.43656e-05	0.00000e+00	1.07204e-04	1	0	1	18394	9066	9328	0.00000e+00	0.00000e+00	0.00000e+00	0	0	0	30610	23068	7542	2	7.95248e-06
chr14	24574845	rs1337896903	G	A	363.37	snv	1	4.01587e-06	7.42424e-06	0.00000e+00	1	1	0	249012	134694	114318	0.00000e+00	0.00000e+00	0.00000e+00	0	0	0	16254	6186	10068	2.89118e-05	6.98227e-05	0.00000e+00	1	1	0	34588	14322	20266	0.00000e+00	0.00000e+00	0.00000e+00	0	0	0	21066	10964	10102	0.00000e+00	0.00000e+00	0.00000e+00	0	0	0	10056	5160	4896	0.00000e+00	0.00000e+00	0.00000e+00	0	0	0	111934	62734	49200	0.00000e+00	0.00000e+00	0.00000e+00	0	0	0	18394	9066	9328	0.00000e+00	0.00000e+00	0.00000e+00	0	0	0	30606	23066	7540	1	3.97627e-06
chr14	24574847	rs199976740	T	C	959.37	snv	1	4.01713e-06	7.42622e-06	0.00000e+00	1	1	0	248934	134658	114276	0.00000e+00	0.00000e+00	0.00000e+00	0	0	0	16252	6184	10068	0.00000e+00	0.00000e+00	0.00000e+00	0	0	0	34588	14322	20266	0.00000e+00	0.00000e+00	0.00000e+00	0	0	0	21014	10938	10076	0.00000e+00	0.00000e+00	0.00000e+00	0	0	0	10050	5156	4894	8.93543e-06	1.59418e-05	0.00000e+00	1	1	0	111914	62728	49186	0.00000e+00	0.00000e+00	0.00000e+00	0	0	0	18392	9066	9326	0.00000e+00	0.00000e+00	0.00000e+00	0	0	0	30604	23064	7540	1	3.97630e-06
chr14	24574849	rs770452353	T	C	891.37	snv	1	4.01894e-06	0.00000e+00	8.75427e-06	1	0	1	248822	134592	114230	0.00000e+00	0.00000e+00	0.00000e+00	0	0	0	16250	6186	10064	0.00000e+00	0.00000e+00	0.00000e+00	0	0	0	34584	14320	20264	0.00000e+00	0.00000e+00	0.00000e+00	0	0	0	20954	10910	10044	0.00000e+00	0.00000e+00	0.00000e+00	0	0	0	10056	5160	4896	0.00000e+00	0.00000e+00	0.00000e+00	0	0	0	111862	62688	49174	0.00000e+00	0.00000e+00	0.00000e+00	0	0	0	18392	9066	9326	0.00000e+00	0.00000e+00	0.00000e+00	0	0	0	30604	23062	7542	1	3.97627e-06
chr14	24574850	rs1253966423	G	A	900.38	snv	1	4.02156e-06	7.43417e-06	0.00000e+00	1	1	0	248660	134514	114146	6.15460e-05	1.61655e-04	0.00000e+00	1	1	0	16248	6186	10062	0.00000e+00	0.00000e+00	0.00000e+00	0	0	0	34582	14318	20264	0.00000e+00	0.00000e+00	0.00000e+00	0	0	0	20894	10876	10018	0.00000e+00	0.00000e+00	0.00000e+00	0	0	0	10048	5156	4892	0.00000e+00	0.00000e+00	0.00000e+00	0	0	0	111776	62650	49126	0.00000e+00	0.00000e+00	0.00000e+00	0	0	0	18392	9066	9326	0.00000e+00	0.00000e+00	0.00000e+00	0	0	0	30600	23062	7538	1	3.97627e-06
chr14	24574852	rs534583199	T	C	2300.67	snv	1	4.02385e-06	7.43782e-06	0.00000e+00	1	1	0	248518	134448	114070	0.00000e+00	0.00000e+00	0.00000e+00	0	0	0	16246	6186	10060	0.00000e+00	0.00000e+00	0.00000e+00	0	0	0	34578	14316	20262	0.00000e+00	0.00000e+00	0.00000e+00	0	0	0	20838	10846	9992	0.00000e+00	0.00000e+00	0.00000e+00	0	0	0	10050	5156	4894	8.95239e-06	1.59688e-05	0.00000e+00	1	1	0	111702	62622	49080	0.00000e+00	0.00000e+00	0.00000e+00	0	0	0	18392	9066	9326	0.00000e+00	0.00000e+00	0.00000e+00	0	0	0	30594	23058	7536	1	3.97630e-06
chr14	24574855	rs773955149	A	T	4890.48	snv	1	2.01317e-05	2.97659e-05	8.77332e-06	5	4	1	248364	134382	113982	0.00000e+00	0.00000e+00	0.00000e+00	0	0	0	16244	6186	10058	0.00000e+00	0.00000e+00	0.00000e+00	0	0	0	34576	14314	20262	1.92660e-04	2.77213e-04	1.00604e-04	4	3	1	20762	10822	9940	0.00000e+00	0.00000e+00	0.00000e+00	0	0	0	10044	5152	4892	8.95800e-06	1.59780e-05	0.00000e+00	1	1	0	111632	62586	49046	0.00000e+00	0.00000e+00	0.00000e+00	0	0	0	18392	9066	9326	0.00000e+00	0.00000e+00	0.00000e+00	0	0	0	30598	23060	7538	6	2.38578e-05
chr14	24574857	rs1191912261	C	A	507.37	snv	1	4.02855e-06	7.44524e-06	0.00000e+00	1	1	0	248228	134314	113914	0.00000e+00	0.00000e+00	0.00000e+00	0	0	0	16246	6186	10060	0.00000e+00	0.00000e+00	0.00000e+00	0	0	0	34576	14316	20260	0.00000e+00	0.00000e+00	0.00000e+00	0	0	0	20688	10786	9902	0.00000e+00	0.00000e+00	0.00000e+00	0	0	0	10044	5154	4890	0.00000e+00	0.00000e+00	0.00000e+00	0	0	0	111574	62558	49016	0.00000e+00	0.00000e+00	0.00000e+00	0	0	0	18392	9066	9326	3.26861e-05	4.33764e-05	0.00000e+00	1	1	0	30594	23054	7540	1	3.97627e-06
chr14	24574859	rs758951815	G	A	550.52	multi-snv	2	4.03034e-06	7.44779e-06	0.00000e+00	1	1	0	248118	134268	113850	0.00000e+00	0.00000e+00	0.00000e+00	0	0	0	16244	6184	10060	0.00000e+00	0.00000e+00	0.00000e+00	0	0	0	34574	14314	20260	0.00000e+00	0.00000e+00	0.00000e+00	0	0	0	20588	10748	9840	0.00000e+00	0.00000e+00	0.00000e+00	0	0	0	10038	5148	4890	8.96218e-06	1.59847e-05	0.00000e+00	1	1	0	111580	62560	49020	0.00000e+00	0.00000e+00	0.00000e+00	0	0	0	18390	9066	9324	0.00000e+00	0.00000e+00	0.00000e+00	0	0	0	30592	23054	7538	1	3.97627e-06
chr14	24574859	rs758951815	G	C	550.52	multi-snv	2	4.03034e-06	7.44779e-06	0.00000e+00	1	1	0	248118	134268	113850	0.00000e+00	0.00000e+00	0.00000e+00	0	0	0	16244	6184	10060	0.00000e+00	0.00000e+00	0.00000e+00	0	0	0	34574	14314	20260	0.00000e+00	0.00000e+00	0.00000e+00	0	0	0	20588	10748	9840	0.00000e+00	0.00000e+00	0.00000e+00	0	0	0	10038	5148	4890	0.00000e+00	0.00000e+00	0.00000e+00	0	0	0	111580	62560	49020	0.00000e+00	0.00000e+00	0.00000e+00	0	0	0	18390	9066	9324	3.26883e-05	4.33764e-05	0.00000e+00	1	1	0	30592	23054	7538	1	3.97627e-06
chr14	24575217	rs564479432	C	T	990.4	snv	1	4.00381e-06	7.40598e-06	0.00000e+00	1	1	0	249762	135026	114736	0.00000e+00	0.00000e+00	0.00000e+00	0	0	0	16238	6176	10062	0.00000e+00	0.00000e+00	0.00000e+00	0	0	0	34528	14296	20232	0.00000e+00	0.00000e+00	0.00000e+00	0	0	0	21424	11178	10246	0.00000e+00	0.00000e+00	0.00000e+00	0	0	0	10002	5136	4866	0.00000e+00	0.00000e+00	0.00000e+00	0	0	0	112522	62956	49566	0.00000e+00	0.00000e+00	0.00000e+00	0	0	0	18374	9060	9314	3.27247e-05	4.34292e-05	0.00000e+00	1	1	0	30558	23026	7532	1	3.97630e-06
chr14	24575218	rs138881085	C	T	210233.27	snv	1	7.60596e-04	6.22139e-04	9.23458e-04	190	84	106	249804	135018	114786	1.03448e-02	1.16543e-02	9.54085e-03	168	72	96	16240	6178	10062	1.44852e-04	1.40017e-04	1.48265e-04	5	2	3	34518	14284	20234	0.00000e+00	0.00000e+00	0.00000e+00	0	0	0	21438	11186	10252	0.00000e+00	0.00000e+00	0.00000e+00	0	0	0	10008	5128	4880	3.55404e-05	1.58841e-05	6.04936e-05	4	1	3	112548	62956	49592	0.00000e+00	0.00000e+00	0.00000e+00	0	0	0	18376	9062	9314	3.92644e-04	3.90829e-04	3.98195e-04	12	9	3	30562	23028	7534	190	7.55497e-04
chr14	24575219	rs1374753377	G	T	2915.22	snv	1	8.00429e-06	1.48063e-05	0.00000e+00	2	2	0	249866	135078	114788	0.00000e+00	0.00000e+00	0.00000e+00	0	0	0	16242	6178	10064	0.00000e+00	0.00000e+00	0.00000e+00	0	0	0	34526	14290	20236	0.00000e+00	0.00000e+00	0.00000e+00	0	0	0	21388	11170	10218	0.00000e+00	0.00000e+00	0.00000e+00	0	0	0	10018	5138	4880	0.00000e+00	0.00000e+00	0.00000e+00	0	0	0	112632	63008	49624	0.00000e+00	0.00000e+00	0.00000e+00	0	0	0	18374	9060	9314	6.54279e-05	8.68282e-05	0.00000e+00	2	2	0	30568	23034	7534	2	7.95267e-06
chr14	24575223	rs761109514	G	A	3627.96	snv	1	1.99748e-05	2.21710e-05	1.73907e-05	5	3	2	250316	135312	115004	0.00000e+00	0.00000e+00	0.00000e+00	0	0	0	16242	6176	10066	0.00000e+00	0.00000e+00	0.00000e+00	0	0	0	34554	14306	20248	0.00000e+00	0.00000e+00	0.00000e+00	0	0	0	21486	11206	10280	0.00000e+00	0.00000e+00	0.00000e+00	0	0	0	10038	5156	4882	4.42846e-05	4.75059e-05	4.01962e-05	5	3	2	112906	63150	49756	0.00000e+00	0.00000e+00	0.00000e+00	0	0	0	18376	9062	9314	0.00000e+00	0.00000e+00	0.00000e+00	0	0	0	30590	23054	7536	5	1.98813e-05
chr14	24575225	rs764462214	C	T	343.4	snv	1	3.99265e-06	7.38552e-06	0.00000e+00	1	1	0	250460	135400	115060	0.00000e+00	0.00000e+00	0.00000e+00	0	0	0	16244	6180	10064	0.00000e+00	0.00000e+00	0.00000e+00	0	0	0	34556	14308	20248	0.00000e+00	0.00000e+00	0.00000e+00	0	0	0	21494	11208	10286	0.00000e+00	0.00000e+00	0.00000e+00	0	0	0	10050	5158	4892	0.00000e+00	0.00000e+00	0.00000e+00	0	0	0	113030	63234	49796	0.00000e+00	0.00000e+00	0.00000e+00	0	0	0	18378	9062	9316	3.26990e-05	4.33877e-05	0.00000e+00	1	1	0	30582	23048	7534	2	7.95248e-06
chr14	24575228	rs780991621	T	TG	418.36	indel	1	3.98953e-06	7.38018e-06	0.00000e+00	1	1	0	250656	135498	115158	0.00000e+00	0.00000e+00	0.00000e+00	0	0	0	16248	6182	10066	0.00000e+00	0.00000e+00	0.00000e+00	0	0	0	34562	14310	20252	0.00000e+00	0.00000e+00	0.00000e+00	0	0	0	21530	11222	10308	0.00000e+00	0.00000e+00	0.00000e+00	0	0	0	10048	5156	4892	8.83580e-06	1.57943e-05	0.00000e+00	1	1	0	113176	63314	49862	0.00000e+00	0.00000e+00	0.00000e+00	0	0	0	18378	9062	9316	0.00000e+00	0.00000e+00	0.00000e+00	0	0	0	30586	23050	7536	1	3.97624e-06
chr14	24575230	rs187232086	T	G	430.36	snv	1	3.98762e-06	0.00000e+00	8.68025e-06	1	0	1	250776	135572	115204	0.00000e+00	0.00000e+00	0.00000e+00	0	0	0	16250	6182	10068	0.00000e+00	0.00000e+00	0.00000e+00	0	0	0	34570	14312	20258	4.64253e-05	0.00000e+00	9.69556e-05	1	0	1	21540	11226	10314	0.00000e+00	0.00000e+00	0.00000e+00	0	0	0	10058	5166	4892	0.00000e+00	0.00000e+00	0.00000e+00	0	0	0	113250	63362	49888	0.00000e+00	0.00000e+00	0.00000e+00	0	0	0	18378	9062	9316	0.00000e+00	0.00000e+00	0.00000e+00	0	0	0	30600	23058	7542	1	3.97621e-06
chr14	24575237	rs200884114	C	A	265929.17	snv	1	8.69170e-04	8.26068e-04	9.19883e-04	218	112	106	250814	135582	115232	1.84593e-04	0.00000e+00	2.97915e-04	3	0	3	16252	6182	10070	1.73531e-04	2.79408e-04	9.87167e-05	6	4	2	34576	14316	20260	3.24585e-04	2.66904e-04	3.87372e-04	7	3	4	21566	11240	10326	9.93838e-05	0.00000e+00	2.04332e-04	1	0	1	10062	5168	4894	1.66879e-03	1.56260e-03	1.80361e-03	189	99	90	113256	63356	49900	0.00000e+00	0.00000e+00	0.00000e+00	0	0	0	18386	9064	9322	1.96155e-04	4.33802e-05	6.63482e-04	6	1	5	30588	23052	7536	220	8.74765e-04
chr14	24575241	rs764964221	C	G	1091.76	multi-snv	2	3.98521e-06	7.37180e-06	0.00000e+00	1	1	0	250928	135652	115276	0.00000e+00	0.00000e+00	0.00000e+00	0	0	0	16250	6180	10070	0.00000e+00	0.00000e+00	0.00000e+00	0	0	0	34582	14318	20264	0.00000e+00	0.00000e+00	0.00000e+00	0	0	0	21584	11250	10334	0.00000e+00	0.00000e+00	0.00000e+00	0	0	0	10066	5172	4894	8.82426e-06	1.57729e-05	0.00000e+00	1	1	0	113324	63400	49924	0.00000e+00	0.00000e+00	0.00000e+00	0	0	0	18386	9062	9324	0.00000e+00	0.00000e+00	0.00000e+00	0	0	0	30604	23066	7538	1	3.97621e-06
chr14	24575242	rs1382270372	C	G	707.4	snv	1	3.98400e-06	7.37007e-06	0.00000e+00	1	1	0	251004	135684	115320	0.00000e+00	0.00000e+00	0.00000e+00	0	0	0	16252	6182	10070	0.00000e+00	0.00000e+00	0.00000e+00	0	0	0	34584	14318	20266	0.00000e+00	0.00000e+00	0.00000e+00	0	0	0	21598	11252	10346	0.00000e+00	0.00000e+00	0.00000e+00	0	0	0	10068	5174	4894	8.82005e-06	1.57669e-05	0.00000e+00	1	1	0	113378	63424	49954	0.00000e+00	0.00000e+00	0.00000e+00	0	0	0	18386	9062	9324	0.00000e+00	0.00000e+00	0.00000e+00	0	0	0	30606	23068	7538	1	3.97621e-06
chr14	24575244	rs750317988	G	A	792.37	snv	1	3.98292e-06	0.00000e+00	8.66942e-06	1	0	1	251072	135724	115348	0.00000e+00	0.00000e+00	0.00000e+00	0	0	0	16252	6182	10070	0.00000e+00	0.00000e+00	0.00000e+00	0	0	0	34586	14320	20266	0.00000e+00	0.00000e+00	0.00000e+00	0	0	0	21596	11250	10346	0.00000e+00	0.00000e+00	0.00000e+00	0	0	0	10068	5172	4896	0.00000e+00	0.00000e+00	0.00000e+00	0	0	0	113442	63466	49976	0.00000e+00	0.00000e+00	0.00000e+00	0	0	0	18386	9064	9322	3.26691e-05	0.00000e+00	1.32556e-04	1	0	1	30610	23066	7544	1	3.97621e-06
chr14	24575245	rs549168777	G	GA	2303.17	multi-indel	2	3.98257e-06	7.36659e-06	0.00000e+00	1	1	0	251094	135748	115346	0.00000e+00	0.00000e+00	0.00000e+00	0	0	0	16252	6182	10070	0.00000e+00	0.00000e+00	0.00000e+00	0	0	0	34584	14318	20266	0.00000e+00	0.00000e+00	0.00000e+00	0	0	0	21608	11260	10348	0.00000e+00	0.00000e+00	0.00000e+00	0	0	0	10066	5170	4896	0.00000e+00	0.00000e+00	0.00000e+00	0	0	0	113454	63482	49972	0.00000e+00	0.00000e+00	0.00000e+00	0	0	0	18388	9066	9322	3.26691e-05	4.33539e-05	0.00000e+00	1	1	0	30610	23066	7544	1	3.97621e-06
chr14	24575245	rs549168777	G	GAA	2303.17	multi-indel	2	3.98257e-06	0.00000e+00	8.66957e-06	1	0	1	251094	135748	115346	0.00000e+00	0.00000e+00	0.00000e+00	0	0	0	16252	6182	10070	0.00000e+00	0.00000e+00	0.00000e+00	0	0	0	34584	14318	20266	0.00000e+00	0.00000e+00	0.00000e+00	0	0	0	21608	11260	10348	0.00000e+00	0.00000e+00	0.00000e+00	0	0	0	10066	5170	4896	8.81414e-06	0.00000e+00	2.00112e-05	1	0	1	113454	63482	49972	0.00000e+00	0.00000e+00	0.00000e+00	0	0	0	18388	9066	9322	0.00000e+00	0.00000e+00	0.00000e+00	0	0	0	30610	23066	7544	1	3.97621e-06
chr14	24575248	rs756467866	G	A	4123.98	multi-snv	2	1.19442e-05	1.47297e-05	8.66641e-06	3	2	1	251168	135780	115388	0.00000e+00	0.00000e+00	0.00000e+00	0	0	0	16252	6182	10070	0.00000e+00	0.00000e+00	0.00000e+00	0	0	0	34588	14320	20268	0.00000e+00	0.00000e+00	0.00000e+00	0	0	0	21612	11260	10352	0.00000e+00	0.00000e+00	0.00000e+00	0	0	0	10070	5174	4896	2.64275e-05	3.14901e-05	1.99976e-05	3	2	1	113518	63512	50006	0.00000e+00	0.00000e+00	0.00000e+00	0	0	0	18390	9066	9324	0.00000e+00	0.00000e+00	0.00000e+00	0	0	0	30608	23064	7544	3	1.19286e-05
chr14	24575248	rs756467866	G	T	4123.98	multi-snv	2	7.96280e-06	7.36485e-06	8.66641e-06	2	1	1	251168	135780	115388	0.00000e+00	0.00000e+00	0.00000e+00	0	0	0	16252	6182	10070	0.00000e+00	0.00000e+00	0.00000e+00	0	0	0	34588	14320	20268	0.00000e+00	0.00000e+00	0.00000e+00	0	0	0	21612	11260	10352	0.00000e+00	0.00000e+00	0.00000e+00	0	0	0	10070	5174	4896	1.76184e-05	1.57451e-05	1.99976e-05	2	1	1	113518	63512	50006	0.00000e+00	0.00000e+00	0.00000e+00	0	0	0	18390	9066	9324	0.00000e+00	0.00000e+00	0.00000e+00	0	0	0	30608	23064	7544	2	7.95241e-06
chr14	24575251	rs748224511	C	T	1613.41	snv	1	7.96058e-06	1.47256e-05	0.00000e+00	2	2	0	251238	135818	115420	0.00000e+00	0.00000e+00	0.00000e+00	0	0	0	16254	6184	10070	0.00000e+00	0.00000e+00	0.00000e+00	0	0	0	34592	14322	20270	0.00000e+00	0.00000e+00	0.00000e+00	0	0	0	21616	11256	10360	0.00000e+00	0.00000e+00	0.00000e+00	0	0	0	10074	5176	4898	1.76112e-05	3.14762e-05	0.00000e+00	2	2	0	113564	63540	50024	0.00000e+00	0.00000e+00	0.00000e+00	0	0	0	18392	9066	9326	0.00000e+00	0.00000e+00	0.00000e+00	0	0	0	30614	23070	7544	2	7.95241e-06
chr14	24575252	rs1274204545	C	T	1538.37	snv	1	7.95957e-06	7.36171e-06	8.66311e-06	2	1	1	251270	135838	115432	6.15233e-05	1.61708e-04	0.00000e+00	1	1	0	16254	6184	10070	0.00000e+00	0.00000e+00	0.00000e+00	0	0	0	34592	14322	20270	0.00000e+00	0.00000e+00	0.00000e+00	0	0	0	21626	11264	10362	0.00000e+00	0.00000e+00	0.00000e+00	0	0	0	10076	5178	4898	0.00000e+00	0.00000e+00	0.00000e+00	0	0	0	113588	63552	50036	0.00000e+00	0.00000e+00	0.00000e+00	0	0	0	18392	9066	9326	0.00000e+00	0.00000e+00	0.00000e+00	0	0	0	30610	23068	7542	2	7.95241e-06
chr14	24575256	rs756309618	G	T	1056.37	snv	1	3.97921e-06	0.00000e+00	8.66071e-06	1	0	1	251306	135842	115464	0.00000e+00	0.00000e+00	0.00000e+00	0	0	0	16254	6186	10068	0.00000e+00	0.00000e+00	0.00000e+00	0	0	0	34592	14322	20270	0.00000e+00	0.00000e+00	0.00000e+00	0	0	0	21624	11264	10360	0.00000e+00	0.00000e+00	0.00000e+00	0	0	0	10076	5178	4898	8.80096e-06	0.00000e+00	1.99720e-05	1	0	1	113624	63554	50070	0.00000e+00	0.00000e+00	0.00000e+00	0	0	0	18390	9064	9326	0.00000e+00	0.00000e+00	0.00000e+00	0	0	0	30612	23068	7544	1	3.97621e-06
chr14	24575264	rs1272748969	C	T	657.36	snv	1	3.97820e-06	0.00000e+00	8.65741e-06	1	0	1	251370	135862	115508	0.00000e+00	0.00000e+00	0.00000e+00	0	0	0	16256	6186	10070	0.00000e+00	0.00000e+00	0.00000e+00	0	0	0	34592	14322	20270	0.00000e+00	0.00000e+00	0.00000e+00	0	0	0	21638	11268	10370	0.00000e+00	0.00000e+00	0.00000e+00	0	0	0	10078	5178	4900	0.00000e+00	0.00000e+00	0.00000e+00	0	0	0	113670	63572	50098	5.43774e-05	0.00000e+00	1.07204e-04	1	0	1	18390	9062	9328	0.00000e+00	0.00000e+00	0.00000e+00	0	0	0	30614	23070	7544	1	3.97621e-06
chr14	24575282	rs1486293733	T	C	1176.36	snv	1	3.97662e-06	0.00000e+00	8.65411e-06	1	0	1	251470	135918	115552	0.00000e+00	0.00000e+00	0.00000e+00	0	0	0	16256	6186	10070	0.00000e+00	0.00000e+00	0.00000e+00	0	0	0	34592	14322	20270	0.00000e+00	0.00000e+00	0.00000e+00	0	0	0	21644	11272	10372	0.00000e+00	0.00000e+00	0.00000e+00	0	0	0	10078	5178	4900	8.79121e-06	0.00000e+00	1.99442e-05	1	0	1	113750	63610	50140	0.00000e+00	0.00000e+00	0.00000e+00	0	0	0	18394	9066	9328	0.00000e+00	0.00000e+00	0.00000e+00	0	0	0	30616	23072	7544	1	3.97621e-06
chr14	24575286	rs752608186	GT	G	7514.2	indel	1	1.59066e-05	2.20728e-05	8.65396e-06	4	3	1	251468	135914	115554	0.00000e+00	0.00000e+00	0.00000e+00	0	0	0	16256	6186	10070	0.00000e+00	0.00000e+00	0.00000e+00	0	0	0	34592	14322	20270	0.00000e+00	0.00000e+00	0.00000e+00	0	0	0	21630	11266	10364	0.00000e+00	0.00000e+00	0.00000e+00	0	0	0	10080	5180	4900	3.51611e-05	4.71624e-05	1.99394e-05	4	3	1	113762	63610	50152	0.00000e+00	0.00000e+00	0.00000e+00	0	0	0	18392	9066	9326	0.00000e+00	0.00000e+00	0.00000e+00	0	0	0	30616	23072	7544	4	1.59048e-05
chr14	24575297	rs372731166	G	C	37367.8	snv	1	8.74814e-05	6.62183e-05	1.12488e-04	22	9	13	251482	135914	115568	0.00000e+00	0.00000e+00	0.00000e+00	0	0	0	16256	6186	10070	5.78168e-05	6.98227e-05	4.93340e-05	2	1	1	34592	14322	20270	0.00000e+00	0.00000e+00	0.00000e+00	0	0	0	21646	11272	10374	0.00000e+00	0.00000e+00	0.00000e+00	0	0	0	10080	5180	4900	1.75806e-04	1.25774e-04	2.39254e-04	20	8	12	113762	63606	50156	0.00000e+00	0.00000e+00	0.00000e+00	0	0	0	18390	9064	9326	0.00000e+00	0.00000e+00	0.00000e+00	0	0	0	30616	23072	7544	22	8.74765e-05
chr14	24575299	rs749550003	C	T	9705.43	snv	1	1.98823e-05	2.20725e-05	1.73064e-05	5	3	2	251480	135916	115564	0.00000e+00	0.00000e+00	0.00000e+00	0	0	0	16256	6186	10070	0.00000e+00	0.00000e+00	0.00000e+00	0	0	0	34592	14322	20270	0.00000e+00	0.00000e+00	0.00000e+00	0	0	0	21646	11272	10374	0.00000e+00	0.00000e+00	0.00000e+00	0	0	0	10080	5180	4900	0.00000e+00	0.00000e+00	0.00000e+00	0	0	0	113758	63606	50152	2.71857e-04	3.30907e-04	2.14454e-04	5	3	2	18392	9066	9326	0.00000e+00	0.00000e+00	0.00000e+00	0	0	0	30616	23072	7544	5	1.98810e-05
chr14	24575305	rs1192844874	G	T	3576.21	snv	1	3.97671e-06	0.00000e+00	8.65396e-06	1	0	1	251464	135910	115554	6.15157e-05	0.00000e+00	9.93049e-05	1	0	1	16256	6186	10070	0.00000e+00	0.00000e+00	0.00000e+00	0	0	0	34592	14322	20270	0.00000e+00	0.00000e+00	0.00000e+00	0	0	0	21646	11274	10372	0.00000e+00	0.00000e+00	0.00000e+00	0	0	0	10076	5176	4900	0.00000e+00	0.00000e+00	0.00000e+00	0	0	0	113750	63604	50146	0.00000e+00	0.00000e+00	0.00000e+00	0	0	0	18388	9064	9324	0.00000e+00	0.00000e+00	0.00000e+00	0	0	0	30616	23072	7544	1	3.97621e-06
chr14	24575306	rs1418376475	C	T	1016.36	snv	1	3.97649e-06	0.00000e+00	8.65306e-06	1	0	1	251478	135912	115566	0.00000e+00	0.00000e+00	0.00000e+00	0	0	0	16256	6186	10070	0.00000e+00	0.00000e+00	0.00000e+00	0	0	0	34592	14322	20270	0.00000e+00	0.00000e+00	0.00000e+00	0	0	0	21648	11274	10374	0.00000e+00	0.00000e+00	0.00000e+00	0	0	0	10080	5180	4900	8.79075e-06	0.00000e+00	1.99386e-05	1	0	1	113756	63602	50154	0.00000e+00	0.00000e+00	0.00000e+00	0	0	0	18390	9064	9326	0.00000e+00	0.00000e+00	0.00000e+00	0	0	0	30616	23072	7544	1	3.97621e-06
chr14	24575309	rs771274266	C	A	2771.14	multi-snv	2	7.95298e-06	1.47150e-05	0.00000e+00	2	2	0	251478	135916	115562	0.00000e+00	0.00000e+00	0.00000e+00	0	0	0	16256	6186	10070	0.00000e+00	0.00000e+00	0.00000e+00	0	0	0	34592	14322	20270	0.00000e+00	0.00000e+00	0.00000e+00	0	0	0	21648	11274	10374	0.00000e+00	0.00000e+00	0.00000e+00	0	0	0	10080	5180	4900	1.75815e-05	3.14446e-05	0.00000e+00	2	2	0	113756	63604	50152	0.00000e+00	0.00000e+00	0.00000e+00	0	0	0	18390	9066	9324	0.00000e+00	0.00000e+00	0.00000e+00	0	0	0	30616	23072	7544	2	7.95241e-06
chr14	24575309	rs771274266	C	G	2771.14	multi-snv	2	3.97649e-06	7.35749e-06	0.00000e+00	1	1	0	251478	135916	115562	0.00000e+00	0.00000e+00	0.00000e+00	0	0	0	16256	6186	10070	0.00000e+00	0.00000e+00	0.00000e+00	0	0	0	34592	14322	20270	0.00000e+00	0.00000e+00	0.00000e+00	0	0	0	21648	11274	10374	0.00000e+00	0.00000e+00	0.00000e+00	0	0	0	10080	5180	4900	0.00000e+00	0.00000e+00	0.00000e+00	0	0	0	113756	63604	50152	0.00000e+00	0.00000e+00	0.00000e+00	0	0	0	18390	9066	9324	0.00000e+00	0.00000e+00	0.00000e+00	0	0	0	30616	23072	7544	1	3.97621e-06
chr14	24575314	rs1162405955	A	G	1221.36	snv	1	3.97652e-06	0.00000e+00	8.65306e-06	1	0	1	251476	135910	115566	0.00000e+00	0.00000e+00	0.00000e+00	0	0	0	16256	6186	10070	2.89084e-05	0.00000e+00	4.93340e-05	1	0	1	34592	14322	20270	0.00000e+00	0.00000e+00	0.00000e+00	0	0	0	21646	11274	10372	0.00000e+00	0.00000e+00	0.00000e+00	0	0	0	10080	5180	4900	0.00000e+00	0.00000e+00	0.00000e+00	0	0	0	113756	63600	50156	0.00000e+00	0.00000e+00	0.00000e+00	0	0	0	18390	9064	9326	0.00000e+00	0.00000e+00	0.00000e+00	0	0	0	30616	23072	7544	1	3.97621e-06
chr14	24575328	rs779154527	C	T	2647.35	snv	1	3.97643e-06	0.00000e+00	8.65291e-06	1	0	1	251482	135914	115568	0.00000e+00	0.00000e+00	0.00000e+00	0	0	0	16256	6186	10070	2.89084e-05	0.00000e+00	4.93340e-05	1	0	1	34592	14322	20270	0.00000e+00	0.00000e+00	0.00000e+00	0	0	0	21646	11274	10372	0.00000e+00	0.00000e+00	0.00000e+00	0	0	0	10080	5180	4900	0.00000e+00	0.00000e+00	0.00000e+00	0	0	0	113758	63602	50156	0.00000e+00	0.00000e+00	0.00000e+00	0	0	0	18394	9066	9328	0.00000e+00	0.00000e+00	0.00000e+00	0	0	0	30616	23072	7544	1	3.97621e-06
chr14	24575329	rs746315813	T	G	6088.14	snv	1	1.19292e-05	7.35738e-06	1.73061e-05	3	1	2	251484	135918	115566	0.00000e+00	0.00000e+00	0.00000e+00	0	0	0	16256	6186	10070	0.00000e+00	0.00000e+00	0.00000e+00	0	0	0	34592	14322	20270	0.00000e+00	0.00000e+00	0.00000e+00	0	0	0	21648	11274	10374	0.00000e+00	0.00000e+00	0.00000e+00	0	0	0	10080	5180	4900	2.63713e-05	1.57218e-05	3.98772e-05	3	1	2	113760	63606	50154	0.00000e+00	0.00000e+00	0.00000e+00	0	0	0	18392	9066	9326	0.00000e+00	0.00000e+00	0.00000e+00	0	0	0	30616	23072	7544	3	1.19286e-05
chr14	24575335	rs1290133246	C	T	248.35	snv	1	3.97646e-06	7.35749e-06	0.00000e+00	1	1	0	251480	135916	115564	0.00000e+00	0.00000e+00	0.00000e+00	0	0	0	16256	6186	10070	0.00000e+00	0.00000e+00	0.00000e+00	0	0	0	34592	14322	20270	0.00000e+00	0.00000e+00	0.00000e+00	0	0	0	21646	11274	10372	0.00000e+00	0.00000e+00	0.00000e+00	0	0	0	10080	5180	4900	8.79075e-06	1.57223e-05	0.00000e+00	1	1	0	113756	63604	50152	0.00000e+00	0.00000e+00	0.00000e+00	0	0	0	18394	9066	9328	0.00000e+00	0.00000e+00	0.00000e+00	0	0	0	30616	23072	7544	1	3.97621e-06
chr14	24575344	rs146445852	T	C	69876.49	snv	1	1.15317e-04	8.82911e-05	1.47102e-04	29	12	17	251480	135914	115566	1.23031e-03	1.45490e-03	1.09235e-03	20	9	11	16256	6186	10070	2.31267e-04	1.39645e-04	2.96004e-04	8	2	6	34592	14322	20270	0.00000e+00	0.00000e+00	0.00000e+00	0	0	0	21644	11272	10372	0.00000e+00	0.00000e+00	0.00000e+00	0	0	0	10080	5180	4900	0.00000e+00	0.00000e+00	0.00000e+00	0	0	0	113758	63604	50154	0.00000e+00	0.00000e+00	0.00000e+00	0	0	0	18394	9066	9328	0.00000e+00	0.00000e+00	0.00000e+00	0	0	0	30616	23072	7544	29	1.15310e-04
chr14	24575346	rs776029478	T	C	16617.96	snv	1	3.57887e-05	3.67880e-05	3.46135e-05	9	5	4	251476	135914	115562	0.00000e+00	0.00000e+00	0.00000e+00	0	0	0	16256	6186	10070	2.60176e-04	3.49113e-04	1.97336e-04	9	5	4	34592	14322	20270	0.00000e+00	0.00000e+00	0.00000e+00	0	0	0	21644	11272	10372	0.00000e+00	0.00000e+00	0.00000e+00	0	0	0	10080	5180	4900	0.00000e+00	0.00000e+00	0.00000e+00	0	0	0	113754	63604	50150	0.00000e+00	0.00000e+00	0.00000e+00	0	0	0	18394	9066	9328	0.00000e+00	0.00000e+00	0.00000e+00	0	0	0	30616	23072	7544	9	3.57859e-05
chr14	24575357	rs1294430940	A	AT	3157.37	indel	1	7.95330e-06	1.47158e-05	0.00000e+00	2	2	0	251468	135908	115560	0.00000e+00	0.00000e+00	0.00000e+00	0	0	0	16256	6186	10070	0.00000e+00	0.00000e+00	0.00000e+00	0	0	0	34590	14320	20270	0.00000e+00	0.00000e+00	0.00000e+00	0	0	0	21646	11274	10372	0.00000e+00	0.00000e+00	0.00000e+00	0	0	0	10080	5180	4900	0.00000e+00	0.00000e+00	0.00000e+00	0	0	0	113746	63598	50148	0.00000e+00	0.00000e+00	0.00000e+00	0	0	0	18394	9066	9328	6.53253e-05	8.66852e-05	0.00000e+00	2	2	0	30616	23072	7544	2	7.95241e-06
chr14	24575358	rs112407280	T	A	1182.35	snv	1	3.97674e-06	7.35803e-06	0.00000e+00	1	1	0	251462	135906	115556	6.15157e-05	1.61655e-04	0.00000e+00	1	1	0	16256	6186	10070	0.00000e+00	0.00000e+00	0.00000e+00	0	0	0	34592	14322	20270	0.00000e+00	0.00000e+00	0.00000e+00	0	0	0	21642	11272	10370	0.00000e+00	0.00000e+00	0.00000e+00	0	0	0	10080	5180	4900	0.00000e+00	0.00000e+00	0.00000e+00	0	0	0	113746	63600	50146	0.00000e+00	0.00000e+00	0.00000e+00	0	0	0	18394	9066	9328	0.00000e+00	0.00000e+00	0.00000e+00	0	0	0	30612	23068	7544	1	3.97621e-06
chr14	24575360	rs377162733	C	G	10101.38	multi-snv	2	1.98844e-05	2.20741e-05	1.73088e-05	5	3	2	251454	135906	115548	0.00000e+00	0.00000e+00	0.00000e+00	0	0	0	16256	6186	10070	2.89084e-05	6.98227e-05	0.00000e+00	1	1	0	34592	14322	20270	0.00000e+00	0.00000e+00	0.00000e+00	0	0	0	21634	11272	10362	0.00000e+00	0.00000e+00	0.00000e+00	0	0	0	10080	5180	4900	2.63755e-05	3.14485e-05	1.99418e-05	3	2	1	113742	63596	50146	5.43656e-05	0.00000e+00	1.07204e-04	1	0	1	18394	9066	9328	0.00000e+00	0.00000e+00	0.00000e+00	0	0	0	30616	23072	7544	5	1.98810e-05
chr14	24575360	rs377162733	C	T	10101.38	multi-snv	2	3.97687e-06	0.00000e+00	8.65441e-06	1	0	1	251454	135906	115548	0.00000e+00	0.00000e+00	0.00000e+00	0	0	0	16256	6186	10070	0.00000e+00	0.00000e+00	0.00000e+00	0	0	0	34592	14322	20270	0.00000e+00	0.00000e+00	0.00000e+00	0	0	0	21634	11272	10362	0.00000e+00	0.00000e+00	0.00000e+00	0	0	0	10080	5180	4900	0.00000e+00	0.00000e+00	0.00000e+00	0	0	0	113742	63596	50146	0.00000e+00	0.00000e+00	0.00000e+00	0	0	0	18394	9066	9328	3.26627e-05	0.00000e+00	1.32556e-04	1	0	1	30616	23072	7544	1	3.97621e-06
chr14	24575361	rs201990007	G	A	27801.23	snv	1	3.97671e-05	4.41462e-05	3.46164e-05	10	6	4	251464	135912	115552	0.00000e+00	0.00000e+00	0.00000e+00	0	0	0	16256	6186	10070	2.89084e-05	6.98227e-05	0.00000e+00	1	1	0	34592	14322	20270	0.00000e+00	0.00000e+00	0.00000e+00	0	0	0	21646	11274	10372	0.00000e+00	0.00000e+00	0.00000e+00	0	0	0	10080	5180	4900	7.03346e-05	6.28931e-05	7.97734e-05	8	4	4	113742	63600	50142	0.00000e+00	0.00000e+00	0.00000e+00	0	0	0	18394	9066	9328	0.00000e+00	0.00000e+00	0.00000e+00	0	0	0	30616	23072	7544	10	3.97621e-05
chr14	24575363	rs1293011491	CA	C	1855.35	indel	1	3.97671e-06	7.35781e-06	0.00000e+00	1	1	0	251464	135910	115554	0.00000e+00	0.00000e+00	0.00000e+00	0	0	0	16256	6186	10070	0.00000e+00	0.00000e+00	0.00000e+00	0	0	0	34592	14322	20270	0.00000e+00	0.00000e+00	0.00000e+00	0	0	0	21646	11272	10374	0.00000e+00	0.00000e+00	0.00000e+00	0	0	0	10080	5180	4900	8.79198e-06	1.57233e-05	0.00000e+00	1	1	0	113740	63600	50140	0.00000e+00	0.00000e+00	0.00000e+00	0	0	0	18394	9066	9328	0.00000e+00	0.00000e+00	0.00000e+00	0	0	0	30616	23072	7544	1	3.97621e-06
chr14	24575364	rs1317756321	A	G	3359.37	snv	1	3.97668e-06	0.00000e+00	8.65366e-06	1	0	1	251466	135908	115558	6.15157e-05	0.00000e+00	9.93049e-05	1	0	1	16256	6186	10070	0.00000e+00	0.00000e+00	0.00000e+00	0	0	0	34592	14322	20270	0.00000e+00	0.00000e+00	0.00000e+00	0	0	0	21646	11272	10374	0.00000e+00	0.00000e+00	0.00000e+00	0	0	0	10080	5180	4900	0.00000e+00	0.00000e+00	0.00000e+00	0	0	0	113742	63598	50144	0.00000e+00	0.00000e+00	0.00000e+00	0	0	0	18394	9066	9328	0.00000e+00	0.00000e+00	0.00000e+00	0	0	0	30616	23072	7544	1	3.97621e-06
chr14	24575365	rs149063733	T	C	5706.16	snv	1	1.59067e-05	7.35792e-06	2.59610e-05	4	1	3	251466	135908	115558	0.00000e+00	0.00000e+00	0.00000e+00	0	0	0	16256	6186	10070	2.89084e-05	0.00000e+00	4.93340e-05	1	0	1	34592	14322	20270	0.00000e+00	0.00000e+00	0.00000e+00	0	0	0	21646	11272	10374	0.00000e+00	0.00000e+00	0.00000e+00	0	0	0	10080	5180	4900	2.63755e-05	1.57238e-05	3.98851e-05	3	1	2	113742	63598	50144	0.00000e+00	0.00000e+00	0.00000e+00	0	0	0	18394	9066	9328	0.00000e+00	0.00000e+00	0.00000e+00	0	0	0	30616	23072	7544	4	1.59048e-05
chr14	24575367	rs765016127	T	C	1266.35	snv	1	3.97687e-06	0.00000e+00	8.65456e-06	1	0	1	251454	135908	115546	0.00000e+00	0.00000e+00	0.00000e+00	0	0	0	16256	6186	10070	0.00000e+00	0.00000e+00	0.00000e+00	0	0	0	34592	14322	20270	0.00000e+00	0.00000e+00	0.00000e+00	0	0	0	21642	11270	10372	0.00000e+00	0.00000e+00	0.00000e+00	0	0	0	10080	5180	4900	0.00000e+00	0.00000e+00	0.00000e+00	0	0	0	113734	63600	50134	0.00000e+00	0.00000e+00	0.00000e+00	0	0	0	18394	9066	9328	3.26627e-05	0.00000e+00	1.32556e-04	1	0	1	30616	23072	7544	1	3.97621e-06
chr14	24575372	rs1485575005	G	C	600.36	snv	1	3.97741e-06	0.00000e+00	8.65561e-06	1	0	1	251420	135888	115532	0.00000e+00	0.00000e+00	0.00000e+00	0	0	0	16256	6186	10070	0.00000e+00	0.00000e+00	0.00000e+00	0	0	0	34592	14322	20270	0.00000e+00	0.00000e+00	0.00000e+00	0	0	0	21626	11262	10364	0.00000e+00	0.00000e+00	0.00000e+00	0	0	0	10080	5180	4900	8.79384e-06	0.00000e+00	1.99489e-05	1	0	1	113716	63588	50128	0.00000e+00	0.00000e+00	0.00000e+00	0	0	0	18394	9066	9328	0.00000e+00	0.00000e+00	0.00000e+00	0	0	0	30616	23072	7544	1	3.97621e-06
chr14	24575373	rs750179849	C	T	3723.39	snv	1	3.97776e-06	0.00000e+00	8.65621e-06	1	0	1	251398	135874	115524	0.00000e+00	0.00000e+00	0.00000e+00	0	0	0	16256	6186	10070	2.89084e-05	0.00000e+00	4.93340e-05	1	0	1	34592	14322	20270	0.00000e+00	0.00000e+00	0.00000e+00	0	0	0	21630	11266	10364	0.00000e+00	0.00000e+00	0.00000e+00	0	0	0	10078	5178	4900	0.00000e+00	0.00000e+00	0.00000e+00	0	0	0	113696	63574	50122	0.00000e+00	0.00000e+00	0.00000e+00	0	0	0	18394	9066	9328	0.00000e+00	0.00000e+00	0.00000e+00	0	0	0	30614	23072	7542	2	7.95241e-06
chr14	24575388	rs1258094111	C	T	837.36	snv	1	3.97874e-06	0.00000e+00	8.65801e-06	1	0	1	251336	135836	115500	0.00000e+00	0.00000e+00	0.00000e+00	0	0	0	16256	6186	10070	0.00000e+00	0.00000e+00	0.00000e+00	0	0	0	34590	14320	20270	0.00000e+00	0.00000e+00	0.00000e+00	0	0	0	21626	11264	10362	0.00000e+00	0.00000e+00	0.00000e+00	0	0	0	10080	5180	4900	8.79941e-06	0.00000e+00	1.99609e-05	1	0	1	113644	63546	50098	0.00000e+00	0.00000e+00	0.00000e+00	0	0	0	18392	9064	9328	0.00000e+00	0.00000e+00	0.00000e+00	0	0	0	30616	23072	7544	1	3.97621e-06
chr14	24575389	rs762863588	T	C	857.36	snv	1	3.97886e-06	0.00000e+00	8.65741e-06	1	0	1	251328	135820	115508	0.00000e+00	0.00000e+00	0.00000e+00	0	0	0	16256	6186	10070	0.00000e+00	0.00000e+00	0.00000e+00	0	0	0	34590	14320	20270	0.00000e+00	0.00000e+00	0.00000e+00	0	0	0	21628	11264	10364	0.00000e+00	0.00000e+00	0.00000e+00	0	0	0	10080	5180	4900	0.00000e+00	0.00000e+00	0.00000e+00	0	0	0	113638	63534	50104	0.00000e+00	0.00000e+00	0.00000e+00	0	0	0	18392	9064	9328	3.26648e-05	0.00000e+00	1.32556e-04	1	0	1	30614	23070	7544	1	3.97621e-06
chr14	24575392	rs1185563825	C	T	4475.2	multi-snv	2	7.95798e-06	1.47243e-05	0.00000e+00	2	2	0	251320	135830	115490	0.00000e+00	0.00000e+00	0.00000e+00	0	0	0	16256	6186	10070	5.78202e-05	1.39665e-04	0.00000e+00	2	2	0	34590	14320	20270	0.00000e+00	0.00000e+00	0.00000e+00	0	0	0	21620	11262	10358	0.00000e+00	0.00000e+00	0.00000e+00	0	0	0	10080	5180	4900	0.00000e+00	0.00000e+00	0.00000e+00	0	0	0	113636	63544	50092	0.00000e+00	0.00000e+00	0.00000e+00	0	0	0	18392	9064	9328	0.00000e+00	0.00000e+00	0.00000e+00	0	0	0	30614	23070	7544	2	7.95241e-06
chr14	24575394	rs529487105	C	T	942.36	snv	1	3.97956e-06	0.00000e+00	8.66086e-06	1	0	1	251284	135822	115462	6.15157e-05	0.00000e+00	9.93049e-05	1	0	1	16256	6186	10070	0.00000e+00	0.00000e+00	0.00000e+00	0	0	0	34590	14320	20270	0.00000e+00	0.00000e+00	0.00000e+00	0	0	0	21612	11264	10348	0.00000e+00	0.00000e+00	0.00000e+00	0	0	0	10078	5178	4900	0.00000e+00	0.00000e+00	0.00000e+00	0	0	0	113610	63536	50074	0.00000e+00	0.00000e+00	0.00000e+00	0	0	0	18392	9064	9328	0.00000e+00	0.00000e+00	0.00000e+00	0	0	0	30614	23070	7544	1	3.97621e-06
chr14	24575402	rs1419309919	G	A	4362.17	multi-snv	2	7.96242e-06	7.36648e-06	8.66326e-06	2	1	1	251180	135750	115430	0.00000e+00	0.00000e+00	0.00000e+00	0	0	0	16256	6186	10070	2.89101e-05	0.00000e+00	4.93340e-05	1	0	1	34590	14320	20270	0.00000e+00	0.00000e+00	0.00000e+00	0	0	0	21592	11250	10342	0.00000e+00	0.00000e+00	0.00000e+00	0	0	0	10080	5180	4900	8.80871e-06	1.57540e-05	0.00000e+00	1	1	0	113524	63476	50048	0.00000e+00	0.00000e+00	0.00000e+00	0	0	0	18392	9064	9328	0.00000e+00	0.00000e+00	0.00000e+00	0	0	0	30614	23070	7544	2	7.95241e-06
chr14	24575402	rs1419309919	G	T	4362.17	multi-snv	2	3.98121e-06	0.00000e+00	8.66326e-06	1	0	1	251180	135750	115430	0.00000e+00	0.00000e+00	0.00000e+00	0	0	0	16256	6186	10070	2.89101e-05	0.00000e+00	4.93340e-05	1	0	1	34590	14320	20270	0.00000e+00	0.00000e+00	0.00000e+00	0	0	0	21592	11250	10342	0.00000e+00	0.00000e+00	0.00000e+00	0	0	0	10080	5180	4900	0.00000e+00	0.00000e+00	0.00000e+00	0	0	0	113524	63476	50048	0.00000e+00	0.00000e+00	0.00000e+00	0	0	0	18392	9064	9328	0.00000e+00	0.00000e+00	0.00000e+00	0	0	0	30614	23070	7544	1	3.97621e-06
chr14	24575405	rs1160837044	G	C	1273.36	snv	1	3.98121e-06	7.36605e-06	0.00000e+00	1	1	0	251180	135758	115422	0.00000e+00	0.00000e+00	0.00000e+00	0	0	0	16254	6186	10068	0.00000e+00	0.00000e+00	0.00000e+00	0	0	0	34588	14320	20268	0.00000e+00	0.00000e+00	0.00000e+00	0	0	0	21614	11262	10352	0.00000e+00	0.00000e+00	0.00000e+00	0	0	0	10076	5178	4898	0.00000e+00	0.00000e+00	0.00000e+00	0	0	0	113508	63472	50036	5.43715e-05	1.10327e-04	0.00000e+00	1	1	0	18392	9064	9328	0.00000e+00	0.00000e+00	0.00000e+00	0	0	0	30616	23072	7544	1	3.97624e-06
chr14	24575406	rs1342987218	A	T	969.36	snv	1	3.98118e-06	0.00000e+00	8.66386e-06	1	0	1	251182	135760	115422	0.00000e+00	0.00000e+00	0.00000e+00	0	0	0	16252	6186	10066	0.00000e+00	0.00000e+00	0.00000e+00	0	0	0	34588	14320	20268	0.00000e+00	0.00000e+00	0.00000e+00	0	0	0	21606	11258	10348	0.00000e+00	0.00000e+00	0.00000e+00	0	0	0	10078	5180	4898	8.80887e-06	0.00000e+00	1.99832e-05	1	0	1	113522	63480	50042	0.00000e+00	0.00000e+00	0.00000e+00	0	0	0	18392	9064	9328	0.00000e+00	0.00000e+00	0.00000e+00	0	0	0	30614	23070	7544	1	3.97624e-06
chr14	24575408	rs751585793	C	T	1467.38	snv	1	3.98219e-06	7.36844e-06	0.00000e+00	1	1	0	251118	135714	115404	0.00000e+00	0.00000e+00	0.00000e+00	0	0	0	16252	6186	10066	0.00000e+00	0.00000e+00	0.00000e+00	0	0	0	34588	14320	20268	0.00000e+00	0.00000e+00	0.00000e+00	0	0	0	21608	11254	10354	0.00000e+00	0.00000e+00	0.00000e+00	0	0	0	10078	5180	4898	0.00000e+00	0.00000e+00	0.00000e+00	0	0	0	113452	63434	50018	0.00000e+00	0.00000e+00	0.00000e+00	0	0	0	18392	9064	9328	3.26627e-05	4.33426e-05	0.00000e+00	1	1	0	30616	23072	7544	1	3.97624e-06
chr14	24575409	rs756219791	T	C	26079.95	snv	1	7.96553e-06	7.36941e-06	8.66656e-06	2	1	1	251082	135696	115386	0.00000e+00	0.00000e+00	0.00000e+00	0	0	0	16252	6186	10066	0.00000e+00	0.00000e+00	0.00000e+00	0	0	0	34582	14318	20264	0.00000e+00	0.00000e+00	0.00000e+00	0	0	0	21594	11248	10346	0.00000e+00	0.00000e+00	0.00000e+00	0	0	0	10076	5178	4898	1.76302e-05	1.57659e-05	1.99944e-05	2	1	1	113442	63428	50014	0.00000e+00	0.00000e+00	0.00000e+00	0	0	0	18392	9064	9328	0.00000e+00	0.00000e+00	0.00000e+00	0	0	0	30616	23072	7544	2	7.95248e-06
chr14	24575410	rs199634129	C	T	106810.33	multi-snv	2	2.11164e-04	1.69537e-04	2.60132e-04	53	23	30	250990	135664	115326	6.15309e-05	0.00000e+00	9.93443e-05	1	0	1	16252	6186	10066	2.89218e-05	0.00000e+00	4.93583e-05	1	0	1	34576	14316	20260	4.63049e-05	8.88415e-05	0.00000e+00	1	1	0	21596	11256	10340	0.00000e+00	0.00000e+00	0.00000e+00	0	0	0	10074	5178	4896	4.41073e-04	3.47047e-04	5.60359e-04	50	22	28	113360	63392	49968	0.00000e+00	0.00000e+00	0.00000e+00	0	0	0	18392	9064	9328	0.00000e+00	0.00000e+00	0.00000e+00	0	0	0	30616	23072	7544	53	2.10741e-04
chr14	24575411	rs886590242	C	T	4252.18	snv	1	1.59411e-05	2.94937e-05	0.00000e+00	4	4	0	250924	135622	115302	0.00000e+00	0.00000e+00	0.00000e+00	0	0	0	16252	6186	10066	1.15687e-04	2.79408e-04	0.00000e+00	4	4	0	34576	14316	20260	0.00000e+00	0.00000e+00	0.00000e+00	0	0	0	21576	11242	10334	0.00000e+00	0.00000e+00	0.00000e+00	0	0	0	10074	5178	4896	0.00000e+00	0.00000e+00	0.00000e+00	0	0	0	113314	63366	49948	0.00000e+00	0.00000e+00	0.00000e+00	0	0	0	18390	9062	9328	0.00000e+00	0.00000e+00	0.00000e+00	0	0	0	30616	23072	7544	4	1.59050e-05
chr14	24575412	rs374772459	C	T	6538.17	snv	1	1.59420e-05	1.47482e-05	1.73461e-05	4	2	2	250910	135610	115300	0.00000e+00	0.00000e+00	0.00000e+00	0	0	0	16250	6186	10064	0.00000e+00	0.00000e+00	0.00000e+00	0	0	0	34576	14316	20260	0.00000e+00	0.00000e+00	0.00000e+00	0	0	0	21580	11244	10336	0.00000e+00	0.00000e+00	0.00000e+00	0	0	0	10070	5176	4894	3.53026e-05	3.15676e-05	4.00400e-05	4	2	2	113306	63356	49950	0.00000e+00	0.00000e+00	0.00000e+00	0	0	0	18392	9064	9328	0.00000e+00	0.00000e+00	0.00000e+00	0	0	0	30612	23070	7542	4	1.59050e-05
chr14	24575423	rs367993614	G	A	23095.69	snv	1	3.99081e-05	4.43118e-05	3.47307e-05	10	6	4	250576	135404	115172	4.92429e-04	8.08538e-04	2.98151e-04	8	5	3	16246	6184	10062	5.78570e-05	6.98714e-05	4.93681e-05	2	1	1	34568	14312	20256	0.00000e+00	0.00000e+00	0.00000e+00	0	0	0	21488	11194	10294	0.00000e+00	0.00000e+00	0.00000e+00	0	0	0	10058	5166	4892	0.00000e+00	0.00000e+00	0.00000e+00	0	0	0	113088	63218	49870	0.00000e+00	0.00000e+00	0.00000e+00	0	0	0	18392	9064	9328	0.00000e+00	0.00000e+00	0.00000e+00	0	0	0	30614	23070	7544	10	3.97624e-05
chr14	24575431	rs779257437	C	A	15622.7	snv	1	5.99540e-05	3.69762e-05	8.69792e-05	15	5	10	250192	135222	114970	0.00000e+00	0.00000e+00	0.00000e+00	0	0	0	16248	6186	10062	4.34053e-04	3.49406e-04	4.93876e-04	15	5	10	34558	14310	20248	0.00000e+00	0.00000e+00	0.00000e+00	0	0	0	21386	11154	10232	0.00000e+00	0.00000e+00	0.00000e+00	0	0	0	10056	5166	4890	0.00000e+00	0.00000e+00	0.00000e+00	0	0	0	112826	63080	49746	0.00000e+00	0.00000e+00	0.00000e+00	0	0	0	18388	9062	9326	0.00000e+00	0.00000e+00	0.00000e+00	0	0	0	30610	23066	7544	17	6.75960e-05
chr14	24575435	rs1316449425	T	C	409.37	snv	1	3.99936e-06	7.39842e-06	0.00000e+00	1	1	0	250040	135164	114876	0.00000e+00	0.00000e+00	0.00000e+00	0	0	0	16234	6182	10052	0.00000e+00	0.00000e+00	0.00000e+00	0	0	0	34560	14310	20250	0.00000e+00	0.00000e+00	0.00000e+00	0	0	0	21328	11134	10194	0.00000e+00	0.00000e+00	0.00000e+00	0	0	0	10054	5166	4888	8.86886e-06	1.58614e-05	0.00000e+00	1	1	0	112754	63046	49708	0.00000e+00	0.00000e+00	0.00000e+00	0	0	0	18388	9062	9326	0.00000e+00	0.00000e+00	0.00000e+00	0	0	0	30608	23070	7538	1	3.97624e-06
chr14	24575440	rs184648249	C	T	21424.87	mixed	2	2.00446e-05	1.48256e-05	2.61913e-05	5	2	3	249444	134902	114542	2.46700e-04	1.61865e-04	2.98924e-04	4	1	3	16214	6178	10036	2.89402e-05	6.99007e-05	0.00000e+00	1	1	0	34554	14306	20248	0.00000e+00	0.00000e+00	0.00000e+00	0	0	0	21154	11066	10088	0.00000e+00	0.00000e+00	0.00000e+00	0	0	0	10034	5150	4884	0.00000e+00	0.00000e+00	0.00000e+00	0	0	0	112398	62894	49504	0.00000e+00	0.00000e+00	0.00000e+00	0	0	0	18386	9060	9326	0.00000e+00	0.00000e+00	0.00000e+00	0	0	0	30600	23058	7542	5	1.98812e-05
chr14	24575440	rs184648249	CT	C	21424.87	mixed	2	4.00892e-06	0.00000e+00	8.73042e-06	1	0	1	249444	134902	114542	0.00000e+00	0.00000e+00	0.00000e+00	0	0	0	16214	6178	10036	0.00000e+00	0.00000e+00	0.00000e+00	0	0	0	34554	14306	20248	0.00000e+00	0.00000e+00	0.00000e+00	0	0	0	21154	11066	10088	0.00000e+00	0.00000e+00	0.00000e+00	0	0	0	10034	5150	4884	0.00000e+00	0.00000e+00	0.00000e+00	0	0	0	112398	62894	49504	5.43892e-05	0.00000e+00	1.07227e-04	1	0	1	18386	9060	9326	0.00000e+00	0.00000e+00	0.00000e+00	0	0	0	30600	23058	7542	1	3.97624e-06
chr14	24575447	rs1235163228	T	A	436.18	snv	1	4.02249e-06	7.43572e-06	0.00000e+00	1	1	0	248602	134486	114116	6.19272e-05	1.62022e-04	0.00000e+00	1	1	0	16148	6172	9976	0.00000e+00	0.00000e+00	0.00000e+00	0	0	0	34538	14294	20244	0.00000e+00	0.00000e+00	0.00000e+00	0	0	0	20906	10934	9972	0.00000e+00	0.00000e+00	0.00000e+00	0	0	0	10012	5134	4878	0.00000e+00	0.00000e+00	0.00000e+00	0	0	0	111926	62654	49272	0.00000e+00	0.00000e+00	0.00000e+00	0	0	0	18388	9062	9326	0.00000e+00	0.00000e+00	0.00000e+00	0	0	0	30590	23050	7540	1	3.97627e-06
chr14	24575448	rs746200339	G	A	2298.24	multi-snv	2	4.02521e-06	0.00000e+00	8.77008e-06	1	0	1	248434	134410	114024	0.00000e+00	0.00000e+00	0.00000e+00	0	0	0	16130	6170	9960	0.00000e+00	0.00000e+00	0.00000e+00	0	0	0	34542	14298	20244	0.00000e+00	0.00000e+00	0.00000e+00	0	0	0	20842	10898	9944	0.00000e+00	0.00000e+00	0.00000e+00	0	0	0	10004	5130	4874	8.93991e-06	0.00000e+00	2.03136e-05	1	0	1	111858	62630	49228	0.00000e+00	0.00000e+00	0.00000e+00	0	0	0	18384	9060	9324	0.00000e+00	0.00000e+00	0.00000e+00	0	0	0	30582	23042	7540	1	3.97627e-06
chr14	24575448	rs746200339	G	T	2298.24	multi-snv	2	4.02521e-06	7.43992e-06	0.00000e+00	1	1	0	248434	134410	114024	0.00000e+00	0.00000e+00	0.00000e+00	0	0	0	16130	6170	9960	2.89503e-05	6.99399e-05	0.00000e+00	1	1	0	34542	14298	20244	0.00000e+00	0.00000e+00	0.00000e+00	0	0	0	20842	10898	9944	0.00000e+00	0.00000e+00	0.00000e+00	0	0	0	10004	5130	4874	0.00000e+00	0.00000e+00	0.00000e+00	0	0	0	111858	62630	49228	0.00000e+00	0.00000e+00	0.00000e+00	0	0	0	18384	9060	9324	0.00000e+00	0.00000e+00	0.00000e+00	0	0	0	30582	23042	7540	2	7.95254e-06
chr14	24575449	rs772529071	C	A	1918.89	snv	1	4.02499e-06	0.00000e+00	8.76855e-06	1	0	1	248448	134404	114044	0.00000e+00	0.00000e+00	0.00000e+00	0	0	0	16144	6172	9972	0.00000e+00	0.00000e+00	0.00000e+00	0	0	0	34540	14298	20242	0.00000e+00	0.00000e+00	0.00000e+00	0	0	0	20862	10910	9952	0.00000e+00	0.00000e+00	0.00000e+00	0	0	0	9998	5126	4872	8.94023e-06	0.00000e+00	2.03112e-05	1	0	1	111854	62620	49234	0.00000e+00	0.00000e+00	0.00000e+00	0	0	0	18386	9060	9326	0.00000e+00	0.00000e+00	0.00000e+00	0	0	0	30570	23032	7538	2	7.95254e-06
chr14	24575450	rs780501359	T	C	4386.2	snv	1	4.02512e-06	7.43970e-06	0.00000e+00	1	1	0	248440	134414	114026	0.00000e+00	0.00000e+00	0.00000e+00	0	0	0	16144	6172	9972	0.00000e+00	0.00000e+00	0.00000e+00	0	0	0	34536	14300	20236	0.00000e+00	0.00000e+00	0.00000e+00	0	0	0	20844	10900	9944	0.00000e+00	0.00000e+00	0.00000e+00	0	0	0	9990	5122	4868	8.93863e-06	1.59658e-05	0.00000e+00	1	1	0	111874	62634	49240	0.00000e+00	0.00000e+00	0.00000e+00	0	0	0	18386	9062	9324	0.00000e+00	0.00000e+00	0.00000e+00	0	0	0	30578	23040	7538	1	3.97627e-06
chr14	24575454	rs557470132	C	A	3511.03	multi-snv	2	1.21086e-05	2.23660e-05	0.00000e+00	3	3	0	247758	134132	113626	0.00000e+00	0.00000e+00	0.00000e+00	0	0	0	16074	6156	9918	5.79072e-05	1.39899e-04	0.00000e+00	2	2	0	34538	14296	20242	0.00000e+00	0.00000e+00	0.00000e+00	0	0	0	20612	10796	9816	0.00000e+00	0.00000e+00	0.00000e+00	0	0	0	9962	5112	4850	8.96539e-06	1.59990e-05	0.00000e+00	1	1	0	111540	62504	49036	0.00000e+00	0.00000e+00	0.00000e+00	0	0	0	18382	9060	9322	0.00000e+00	0.00000e+00	0.00000e+00	0	0	0	30564	23024	7540	3	1.19289e-05
chr14	24575456	rs768097891	T	A	1638.88	snv	1	4.03832e-06	0.00000e+00	8.80623e-06	1	0	1	247628	134072	113556	0.00000e+00	0.00000e+00	0.00000e+00	0	0	0	16050	6148	9902	0.00000e+00	0.00000e+00	0.00000e+00	0	0	0	34524	14288	20236	0.00000e+00	0.00000e+00	0.00000e+00	0	0	0	20570	10774	9796	0.00000e+00	0.00000e+00	0.00000e+00	0	0	0	9966	5116	4850	8.96990e-06	0.00000e+00	2.04007e-05	1	0	1	111484	62466	49018	0.00000e+00	0.00000e+00	0.00000e+00	0	0	0	18376	9060	9316	0.00000e+00	0.00000e+00	0.00000e+00	0	0	0	30570	23032	7538	1	3.97643e-06
chr14	24575457	rs1178627279	G	T	1879.39	snv	1	4.04135e-06	7.46224e-06	0.00000e+00	1	1	0	247442	134008	113434	0.00000e+00	0.00000e+00	0.00000e+00	0	0	0	16040	6148	9892	2.89586e-05	6.99986e-05	0.00000e+00	1	1	0	34532	14286	20246	0.00000e+00	0.00000e+00	0.00000e+00	0	0	0	20438	10720	9718	0.00000e+00	0.00000e+00	0.00000e+00	0	0	0	9958	5104	4854	0.00000e+00	0.00000e+00	0.00000e+00	0	0	0	111462	62490	48972	0.00000e+00	0.00000e+00	0.00000e+00	0	0	0	18376	9060	9316	0.00000e+00	0.00000e+00	0.00000e+00	0	0	0	30548	23016	7532	1	3.97640e-06
chr14	24575458	rs776123730	C	T	15374.39	snv	1	3.63972e-05	7.46848e-06	7.05617e-05	9	1	8	247272	133896	113376	0.00000e+00	0.00000e+00	0.00000e+00	0	0	0	16008	6144	9864	2.89670e-05	0.00000e+00	4.94071e-05	1	0	1	34522	14282	20240	0.00000e+00	0.00000e+00	0.00000e+00	0	0	0	20490	10728	9762	0.00000e+00	0.00000e+00	0.00000e+00	0	0	0	9950	5104	4846	0.00000e+00	0.00000e+00	0.00000e+00	0	0	0	111312	62394	48918	4.35303e-04	1.10375e-04	7.51234e-04	8	1	7	18378	9060	9318	0.00000e+00	0.00000e+00	0.00000e+00	0	0	0	30532	23000	7532	9	3.57878e-05
chr14	24575459	rs761453370	A	C	1826.41	multi-snv	2	4.04197e-06	0.00000e+00	8.81788e-06	1	0	1	247404	133998	113406	0.00000e+00	0.00000e+00	0.00000e+00	0	0	0	15992	6144	9848	0.00000e+00	0.00000e+00	0.00000e+00	0	0	0	34522	14284	20238	4.88234e-05	0.00000e+00	1.02480e-04	1	0	1	20482	10724	9758	0.00000e+00	0.00000e+00	0.00000e+00	0	0	0	9968	5112	4856	0.00000e+00	0.00000e+00	0.00000e+00	0	0	0	111430	62466	48964	0.00000e+00	0.00000e+00	0.00000e+00	0	0	0	18374	9060	9314	0.00000e+00	0.00000e+00	0.00000e+00	0	0	0	30556	23022	7534	1	3.97643e-06
chr14	24575460	rs370807183	A	G	3298.17	snv	1	1.21305e-05	1.49285e-05	8.82317e-06	3	2	1	247310	133972	113338	0.00000e+00	0.00000e+00	0.00000e+00	0	0	0	15974	6138	9836	0.00000e+00	0.00000e+00	0.00000e+00	0	0	0	34528	14290	20238	0.00000e+00	0.00000e+00	0.00000e+00	0	0	0	20454	10716	9738	0.00000e+00	0.00000e+00	0.00000e+00	0	0	0	9978	5120	4858	2.69382e-05	3.20318e-05	2.04382e-05	3	2	1	111366	62438	48928	0.00000e+00	0.00000e+00	0.00000e+00	0	0	0	18374	9060	9314	0.00000e+00	0.00000e+00	0.00000e+00	0	0	0	30556	23024	7532	3	1.19292e-05
chr14	24575461	rs772965200	T	A	1400.34	snv	1	8.09160e-06	7.46826e-06	8.82846e-06	2	1	1	247170	133900	113270	0.00000e+00	0.00000e+00	0.00000e+00	0	0	0	15928	6134	9794	0.00000e+00	0.00000e+00	0.00000e+00	0	0	0	34524	14288	20236	4.88902e-05	0.00000e+00	1.02501e-04	1	0	1	20454	10698	9756	0.00000e+00	0.00000e+00	0.00000e+00	0	0	0	9970	5112	4858	8.98505e-06	1.60241e-05	0.00000e+00	1	1	0	111296	62406	48890	0.00000e+00	0.00000e+00	0.00000e+00	0	0	0	18374	9060	9314	0.00000e+00	0.00000e+00	0.00000e+00	0	0	0	30546	23016	7530	2	7.95292e-06
chr14	24576124	rs367789722	C	T	1807.81	snv	1	1.41393e-05	1.76635e-05	1.01065e-05	3	2	1	212174	113228	98946	0.00000e+00	0.00000e+00	0.00000e+00	0	0	0	13234	4980	8254	0.00000e+00	0.00000e+00	0.00000e+00	0	0	0	30276	12752	17524	0.00000e+00	0.00000e+00	0.00000e+00	0	0	0	18796	9554	9242	0.00000e+00	0.00000e+00	0.00000e+00	0	0	0	9218	4784	4434	3.22262e-05	3.92357e-05	2.37428e-05	3	2	1	93092	50974	42118	0.00000e+00	0.00000e+00	0.00000e+00	0	0	0	16106	8018	8088	0.00000e+00	0.00000e+00	0.00000e+00	0	0	0	26076	19380	6696	3	1.19320e-05
chr14	24576126	rs1334067450	A	G	276.56	snv	1	4.64054e-06	0.00000e+00	9.95025e-06	1	0	1	215492	114992	100500	0.00000e+00	0.00000e+00	0.00000e+00	0	0	0	13452	5046	8406	0.00000e+00	0.00000e+00	0.00000e+00	0	0	0	30648	12840	17808	0.00000e+00	0.00000e+00	0.00000e+00	0	0	0	18958	9642	9316	0.00000e+00	0.00000e+00	0.00000e+00	0	0	0	9260	4810	4450	1.05190e-05	0.00000e+00	2.33057e-05	1	0	1	95066	52158	42908	0.00000e+00	0.00000e+00	0.00000e+00	0	0	0	16330	8106	8224	0.00000e+00	0.00000e+00	0.00000e+00	0	0	0	26338	19570	6768	2	7.95463e-06
chr14	24576128	rs1355526585	G	A	661.74	snv	1	4.58913e-06	8.59520e-06	0.00000e+00	1	1	0	217906	116344	101562	0.00000e+00	0.00000e+00	0.00000e+00	0	0	0	13594	5098	8496	0.00000e+00	0.00000e+00	0.00000e+00	0	0	0	30950	12964	17986	0.00000e+00	0.00000e+00	0.00000e+00	0	0	0	19116	9740	9376	0.00000e+00	0.00000e+00	0.00000e+00	0	0	0	9312	4830	4482	0.00000e+00	0.00000e+00	0.00000e+00	0	0	0	96494	52998	43496	6.07312e-05	1.22369e-04	0.00000e+00	1	1	0	16466	8172	8294	0.00000e+00	0.00000e+00	0.00000e+00	0	0	0	26514	19708	6806	1	3.97722e-06
chr14	24576129	rs766305447	G	C	115.16	snv	1	4.56159e-06	0.00000e+00	9.78742e-06	1	0	1	219222	117050	102172	0.00000e+00	0.00000e+00	0.00000e+00	0	0	0	13680	5130	8550	0.00000e+00	0.00000e+00	0.00000e+00	0	0	0	31102	13012	18090	0.00000e+00	0.00000e+00	0.00000e+00	0	0	0	19178	9766	9412	0.00000e+00	0.00000e+00	0.00000e+00	0	0	0	9338	4840	4498	0.00000e+00	0.00000e+00	0.00000e+00	0	0	0	97234	53438	43796	0.00000e+00	0.00000e+00	0.00000e+00	0	0	0	16566	8224	8342	3.75460e-05	0.00000e+00	1.46199e-04	1	0	1	26634	19794	6840	1	3.97709e-06
chr14	24576134	rs759556449	A	T	452.19	snv	1	4.44591e-06	0.00000e+00	9.55804e-06	1	0	1	224926	120302	104624	0.00000e+00	0.00000e+00	0.00000e+00	0	0	0	14098	5292	8806	0.00000e+00	0.00000e+00	0.00000e+00	0	0	0	31764	13260	18504	0.00000e+00	0.00000e+00	0.00000e+00	0	0	0	19554	10022	9532	0.00000e+00	0.00000e+00	0.00000e+00	0	0	0	9434	4888	4546	9.95164e-06	0.00000e+00	2.22064e-05	1	0	1	100486	55454	45032	0.00000e+00	0.00000e+00	0.00000e+00	0	0	0	16976	8390	8586	0.00000e+00	0.00000e+00	0.00000e+00	0	0	0	27020	20098	6922	1	3.97687e-06
chr14	24576135	rs528802049	G	A	1004.55	multi-snv	2	4.42497e-06	0.00000e+00	9.51783e-06	1	0	1	225990	120924	105066	0.00000e+00	0.00000e+00	0.00000e+00	0	0	0	14178	5338	8840	0.00000e+00	0.00000e+00	0.00000e+00	0	0	0	31862	13306	18556	0.00000e+00	0.00000e+00	0.00000e+00	0	0	0	19614	10050	9564	0.00000e+00	0.00000e+00	0.00000e+00	0	0	0	9466	4912	4554	9.89120e-06	0.00000e+00	2.20838e-05	1	0	1	101100	55818	45282	0.00000e+00	0.00000e+00	0.00000e+00	0	0	0	17042	8432	8610	0.00000e+00	0.00000e+00	0.00000e+00	0	0	0	27124	20172	6952	4	1.59076e-05
chr14	24576135	rs528802049	G	T	1004.55	multi-snv	2	4.42497e-06	8.26966e-06	0.00000e+00	1	1	0	225990	120924	105066	0.00000e+00	0.00000e+00	0.00000e+00	0	0	0	14178	5338	8840	0.00000e+00	0.00000e+00	0.00000e+00	0	0	0	31862	13306	18556	0.00000e+00	0.00000e+00	0.00000e+00	0	0	0	19614	10050	9564	0.00000e+00	0.00000e+00	0.00000e+00	0	0	0	9466	4912	4554	9.89120e-06	1.79154e-05	0.00000e+00	1	1	0	101100	55818	45282	0.00000e+00	0.00000e+00	0.00000e+00	0	0	0	17042	8432	8610	0.00000e+00	0.00000e+00	0.00000e+00	0	0	0	27124	20172	6952	5	1.98845e-05
chr14	24576136	rs201130652	G	T	3803.85	snv	1	1.32295e-05	0.00000e+00	2.84727e-05	3	0	3	226766	121402	105364	2.10852e-04	0.00000e+00	3.37838e-04	3	0	3	14228	5348	8880	0.00000e+00	0.00000e+00	0.00000e+00	0	0	0	31972	13344	18628	0.00000e+00	0.00000e+00	0.00000e+00	0	0	0	19668	10084	9584	0.00000e+00	0.00000e+00	0.00000e+00	0	0	0	9486	4920	4566	0.00000e+00	0.00000e+00	0.00000e+00	0	0	0	101492	56086	45406	0.00000e+00	0.00000e+00	0.00000e+00	0	0	0	17092	8462	8630	0.00000e+00	0.00000e+00	0.00000e+00	0	0	0	27202	20240	6962	6	2.38612e-05
chr14	24576151	rs1277802971	G	T	994.58	snv	1	1.26511e-05	7.84388e-06	1.82405e-05	3	1	2	237134	127488	109646	0.00000e+00	0.00000e+00	0.00000e+00	0	0	0	14924	5642	9282	0.00000e+00	0.00000e+00	0.00000e+00	0	0	0	33268	13846	19422	0.00000e+00	0.00000e+00	0.00000e+00	0	0	0	20392	10576	9816	0.00000e+00	0.00000e+00	0.00000e+00	0	0	0	9714	5020	4694	2.80149e-05	1.67977e-05	4.20575e-05	3	1	2	107086	59532	47554	0.00000e+00	0.00000e+00	0.00000e+00	0	0	0	17708	8756	8952	0.00000e+00	0.00000e+00	0.00000e+00	0	0	0	28224	21082	7142	4	1.59061e-05
chr14	24576156	rs201059100	G	C	4066.42	mixed	2	8.38237e-06	7.79144e-06	9.07029e-06	2	1	1	238596	128346	110250	0.00000e+00	0.00000e+00	0.00000e+00	0	0	0	15016	5656	9360	0.00000e+00	0.00000e+00	0.00000e+00	0	0	0	33458	13904	19554	0.00000e+00	0.00000e+00	0.00000e+00	0	0	0	20466	10622	9844	0.00000e+00	0.00000e+00	0.00000e+00	0	0	0	9756	5052	4704	1.85467e-05	1.66706e-05	2.08986e-05	2	1	1	107836	59986	47850	0.00000e+00	0.00000e+00	0.00000e+00	0	0	0	17796	8814	8982	0.00000e+00	0.00000e+00	0.00000e+00	0	0	0	28430	21262	7168	4	1.59057e-05
chr14	24576156	rs201059100	GA	G	4066.42	mixed	2	4.19119e-06	0.00000e+00	9.07029e-06	1	0	1	238596	128346	110250	0.00000e+00	0.00000e+00	0.00000e+00	0	0	0	15016	5656	9360	0.00000e+00	0.00000e+00	0.00000e+00	0	0	0	33458	13904	19554	0.00000e+00	0.00000e+00	0.00000e+00	0	0	0	20466	10622	9844	0.00000e+00	0.00000e+00	0.00000e+00	0	0	0	9756	5052	4704	0.00000e+00	0.00000e+00	0.00000e+00	0	0	0	107836	59986	47850	0.00000e+00	0.00000e+00	0.00000e+00	0	0	0	17796	8814	8982	3.51741e-05	0.00000e+00	1.39509e-04	1	0	1	28430	21262	7168	1	3.97643e-06
chr14	24576169	rs1206389215	C	T	1016.93	snv	1	8.25198e-06	0.00000e+00	1.78878e-05	2	0	2	242366	130558	111808	0.00000e+00	0.00000e+00	0.00000e+00	0	0	0	15358	5794	9564	0.00000e+00	0.00000e+00	0.00000e+00	0	0	0	33820	14058	19762	0.00000e+00	0.00000e+00	0.00000e+00	0	0	0	20800	10810	9990	0.00000e+00	0.00000e+00	0.00000e+00	0	0	0	9834	5080	4754	9.11577e-06	0.00000e+00	2.05965e-05	1	0	1	109700	61148	48552	0.00000e+00	0.00000e+00	0.00000e+00	0	0	0	18026	8910	9116	3.46164e-05	0.00000e+00	1.38122e-04	1	0	1	28888	21648	7240	6	2.38582e-05
chr14	24576175	rs750692624	C	T	707.03	snv	1	1.23131e-05	7.62056e-06	1.77907e-05	3	1	2	243642	131224	112418	0.00000e+00	0.00000e+00	0.00000e+00	0	0	0	15508	5860	9648	0.00000e+00	0.00000e+00	0.00000e+00	0	0	0	33938	14086	19852	0.00000e+00	0.00000e+00	0.00000e+00	0	0	0	20904	10870	10034	0.00000e+00	0.00000e+00	0.00000e+00	0	0	0	9858	5084	4774	1.81360e-05	1.62697e-05	2.04859e-05	2	1	1	110278	61464	48814	0.00000e+00	0.00000e+00	0.00000e+00	0	0	0	18092	8936	9156	3.43690e-05	0.00000e+00	1.37024e-04	1	0	1	29096	21798	7298	6	2.38584e-05
chr14	24576179	rs1457044007	C	T	585.19	snv	1	4.09708e-06	0.00000e+00	8.88620e-06	1	0	1	244076	131542	112534	0.00000e+00	0.00000e+00	0.00000e+00	0	0	0	15538	5882	9656	0.00000e+00	0.00000e+00	0.00000e+00	0	0	0	33954	14106	19848	0.00000e+00	0.00000e+00	0.00000e+00	0	0	0	20930	10892	10038	0.00000e+00	0.00000e+00	0.00000e+00	0	0	0	9890	5094	4796	0.00000e+00	0.00000e+00	0.00000e+00	0	0	0	110524	61666	48858	5.51755e-05	0.00000e+00	1.08861e-04	1	0	1	18124	8938	9186	0.00000e+00	0.00000e+00	0.00000e+00	0	0	0	29136	21838	7298	5	1.98818e-05
chr14	24576180	rs61737123	C	G	872742.39	snv	1	3.72752e-03	2.76617e-03	4.85161e-03	910	364	546	244130	131590	112540	5.12969e-02	5.47805e-02	4.91684e-02	795	322	473	15498	5878	9620	2.73707e-03	2.19609e-03	3.12154e-03	93	31	62	33978	14116	19862	0.00000e+00	0.00000e+00	0.00000e+00	0	0	0	20958	10894	10064	0.00000e+00	0.00000e+00	0.00000e+00	0	0	0	9886	5094	4792	9.04535e-05	8.10268e-05	1.02363e-04	10	5	5	110554	61708	48846	0.00000e+00	0.00000e+00	0.00000e+00	0	0	0	18130	8940	9190	6.86248e-05	9.16086e-05	0.00000e+00	2	2	0	29144	21832	7312	980	3.89687e-03
chr14	24576181	rs780411582	C	G	1464.21	multi-snv	2	2.04554e-05	1.51819e-05	2.66198e-05	5	2	3	244434	131736	112698	0.00000e+00	0.00000e+00	0.00000e+00	0	0	0	15564	5892	9672	0.00000e+00	0.00000e+00	0.00000e+00	0	0	0	34018	14132	19886	4.76917e-05	0.00000e+00	9.93246e-05	1	0	1	20968	10900	10068	0.00000e+00	0.00000e+00	0.00000e+00	0	0	0	9900	5100	4800	3.61448e-05	3.23845e-05	4.08931e-05	4	2	2	110666	61758	48908	0.00000e+00	0.00000e+00	0.00000e+00	0	0	0	18146	8956	9190	0.00000e+00	0.00000e+00	0.00000e+00	0	0	0	29188	21872	7316	5	1.98817e-05
chr14	24576181	rs780411582	C	T	1464.21	multi-snv	2	4.09108e-06	0.00000e+00	8.87327e-06	1	0	1	244434	131736	112698	0.00000e+00	0.00000e+00	0.00000e+00	0	0	0	15564	5892	9672	0.00000e+00	0.00000e+00	0.00000e+00	0	0	0	34018	14132	19886	0.00000e+00	0.00000e+00	0.00000e+00	0	0	0	20968	10900	10068	0.00000e+00	0.00000e+00	0.00000e+00	0	0	0	9900	5100	4800	9.03620e-06	0.00000e+00	2.04466e-05	1	0	1	110666	61758	48908	0.00000e+00	0.00000e+00	0.00000e+00	0	0	0	18146	8956	9190	0.00000e+00	0.00000e+00	0.00000e+00	0	0	0	29188	21872	7316	2	7.95267e-06
chr14	24576183	rs747450539	G	C	123.41	snv	1	4.09142e-06	7.59267e-06	0.00000e+00	1	1	0	244414	131706	112708	0.00000e+00	0.00000e+00	0.00000e+00	0	0	0	15534	5882	9652	0.00000e+00	0.00000e+00	0.00000e+00	0	0	0	34004	14118	19886	0.00000e+00	0.00000e+00	0.00000e+00	0	0	0	20978	10916	10062	0.00000e+00	0.00000e+00	0.00000e+00	0	0	0	9902	5096	4806	0.00000e+00	0.00000e+00	0.00000e+00	0	0	0	110692	61760	48932	5.50479e-05	1.11557e-04	0.00000e+00	1	1	0	18166	8964	9202	0.00000e+00	0.00000e+00	0.00000e+00	0	0	0	29164	21842	7322	2	7.95273e-06
chr14	24576204	rs1412088729	A	C	1509.4	snv	1	4.11137e-06	7.63126e-06	0.00000e+00	1	1	0	243228	131040	112188	0.00000e+00	0.00000e+00	0.00000e+00	0	0	0	15400	5834	9566	0.00000e+00	0.00000e+00	0.00000e+00	0	0	0	33934	14068	19866	0.00000e+00	0.00000e+00	0.00000e+00	0	0	0	20848	10830	10018	0.00000e+00	0.00000e+00	0.00000e+00	0	0	0	9876	5090	4786	9.07573e-06	1.62670e-05	0.00000e+00	1	1	0	110184	61474	48710	0.00000e+00	0.00000e+00	0.00000e+00	0	0	0	18094	8942	9152	0.00000e+00	0.00000e+00	0.00000e+00	0	0	0	28960	21698	7262	1	3.97646e-06
chr14	24576215	rs755472330	T	A	7741.82	snv	1	3.34602e-05	2.33234e-05	4.52636e-05	8	3	5	239090	128626	110464	0.00000e+00	0.00000e+00	0.00000e+00	0	0	0	15030	5698	9332	0.00000e+00	0.00000e+00	0.00000e+00	0	0	0	33536	13928	19608	0.00000e+00	0.00000e+00	0.00000e+00	0	0	0	20474	10590	9884	0.00000e+00	0.00000e+00	0.00000e+00	0	0	0	9772	5042	4730	0.00000e+00	0.00000e+00	0.00000e+00	0	0	0	108140	60258	47882	0.00000e+00	0.00000e+00	0.00000e+00	0	0	0	17920	8858	9062	2.11551e-04	9.43485e-05	5.58347e-04	6	2	4	28362	21198	7164	9	3.57878e-05
chr14	24576224	rs777479658	C	CT	401.6	mixed	2	4.24416e-06	0.00000e+00	9.16826e-06	1	0	1	235618	126546	109072	6.76133e-05	0.00000e+00	1.08696e-04	1	0	1	14790	5590	9200	0.00000e+00	0.00000e+00	0.00000e+00	0	0	0	33124	13766	19358	0.00000e+00	0.00000e+00	0.00000e+00	0	0	0	20186	10420	9766	0.00000e+00	0.00000e+00	0.00000e+00	0	0	0	9700	5012	4688	0.00000e+00	0.00000e+00	0.00000e+00	0	0	0	106356	59116	47240	0.00000e+00	0.00000e+00	0.00000e+00	0	0	0	17712	8754	8958	0.00000e+00	0.00000e+00	0.00000e+00	0	0	0	27968	20870	7098	1	3.97640e-06
chr14	24576228	rs374688403	C	T	15822.72	snv	1	4.70162e-05	3.18380e-05	6.46198e-05	11	4	7	233962	125636	108326	3.41763e-04	3.61272e-04	3.29888e-04	5	2	3	14630	5536	9094	0.00000e+00	0.00000e+00	0.00000e+00	0	0	0	32962	13724	19238	0.00000e+00	0.00000e+00	0.00000e+00	0	0	0	20024	10324	9700	0.00000e+00	0.00000e+00	0.00000e+00	0	0	0	9668	5002	4666	0.00000e+00	0.00000e+00	0.00000e+00	0	0	0	105484	58592	46892	1.13507e-04	0.00000e+00	2.24266e-04	2	0	2	17620	8702	8918	3.59583e-05	4.81881e-05	0.00000e+00	1	1	0	27810	20752	7058	12	4.77168e-05
chr14	24576230	rs1362587682	TG	T	930.56	indel	1	4.29594e-06	0.00000e+00	9.26767e-06	1	0	1	232778	124876	107902	0.00000e+00	0.00000e+00	0.00000e+00	0	0	0	14562	5510	9052	0.00000e+00	0.00000e+00	0.00000e+00	0	0	0	32848	13672	19176	0.00000e+00	0.00000e+00	0.00000e+00	0	0	0	20002	10302	9700	0.00000e+00	0.00000e+00	0.00000e+00	0	0	0	9636	4988	4648	9.54417e-06	0.00000e+00	2.14362e-05	1	0	1	104776	58126	46650	0.00000e+00	0.00000e+00	0.00000e+00	0	0	0	17556	8656	8900	0.00000e+00	0.00000e+00	0.00000e+00	0	0	0	27658	20634	7024	1	3.97646e-06
chr14	24576236	rs1216187701	G	A	1216.52	snv	1	4.36613e-06	0.00000e+00	9.40769e-06	1	0	1	229036	122740	106296	0.00000e+00	0.00000e+00	0.00000e+00	0	0	0	14286	5404	8882	0.00000e+00	0.00000e+00	0.00000e+00	0	0	0	32370	13458	18912	0.00000e+00	0.00000e+00	0.00000e+00	0	0	0	19744	10130	9614	0.00000e+00	0.00000e+00	0.00000e+00	0	0	0	9570	4958	4612	9.72346e-06	0.00000e+00	2.18131e-05	1	0	1	102844	57000	45844	0.00000e+00	0.00000e+00	0.00000e+00	0	0	0	17236	8488	8748	0.00000e+00	0.00000e+00	0.00000e+00	0	0	0	27304	20348	6956	3	1.19300e-05
chr14	24576239	rs747588430	G	T	1180.87	snv	1	8.83541e-06	8.25314e-06	9.50606e-06	2	1	1	226362	121166	105196	0.00000e+00	0.00000e+00	0.00000e+00	0	0	0	14122	5350	8772	0.00000e+00	0.00000e+00	0.00000e+00	0	0	0	32026	13332	18694	0.00000e+00	0.00000e+00	0.00000e+00	0	0	0	19568	10028	9540	0.00000e+00	0.00000e+00	0.00000e+00	0	0	0	9510	4918	4592	1.97258e-05	1.78355e-05	2.20643e-05	2	1	1	101390	56068	45322	0.00000e+00	0.00000e+00	0.00000e+00	0	0	0	17056	8396	8660	0.00000e+00	0.00000e+00	0.00000e+00	0	0	0	27036	20128	6908	5	1.98842e-05
chr14	24576241	rs1317055243	C	G	1467.78	snv	1	4.45708e-06	8.33097e-06	0.00000e+00	1	1	0	224362	120034	104328	0.00000e+00	0.00000e+00	0.00000e+00	0	0	0	13946	5274	8672	3.14367e-05	7.53693e-05	0.00000e+00	1	1	0	31810	13268	18542	0.00000e+00	0.00000e+00	0.00000e+00	0	0	0	19440	9946	9494	0.00000e+00	0.00000e+00	0.00000e+00	0	0	0	9466	4898	4568	0.00000e+00	0.00000e+00	0.00000e+00	0	0	0	100262	55338	44924	0.00000e+00	0.00000e+00	0.00000e+00	0	0	0	16908	8340	8568	0.00000e+00	0.00000e+00	0.00000e+00	0	0	0	26918	20044	6874	1	3.97690e-06
chr14	24576245	rs1213979935	T	C	198.5	snv	1	4.53387e-06	0.00000e+00	9.73407e-06	1	0	1	220562	117830	102732	0.00000e+00	0.00000e+00	0.00000e+00	0	0	0	13708	5146	8562	0.00000e+00	0.00000e+00	0.00000e+00	0	0	0	31346	13074	18272	5.21268e-05	0.00000e+00	1.06090e-04	1	0	1	19184	9758	9426	0.00000e+00	0.00000e+00	0.00000e+00	0	0	0	9414	4890	4524	0.00000e+00	0.00000e+00	0.00000e+00	0	0	0	98090	54096	43994	0.00000e+00	0.00000e+00	0.00000e+00	0	0	0	16656	8204	8452	0.00000e+00	0.00000e+00	0.00000e+00	0	0	0	26626	19792	6834	1	3.97703e-06
chr14	24576252	rs376980998	C	T	7592.75	multi-snv	2	3.80963e-05	2.68341e-05	5.09186e-05	8	3	5	209994	111798	98196	0.00000e+00	0.00000e+00	0.00000e+00	0	0	0	12944	4864	8080	0.00000e+00	0.00000e+00	0.00000e+00	0	0	0	30048	12558	17490	0.00000e+00	0.00000e+00	0.00000e+00	0	0	0	18626	9382	9244	0.00000e+00	0.00000e+00	0.00000e+00	0	0	0	9220	4804	4416	0.00000e+00	0.00000e+00	0.00000e+00	0	0	0	92042	50338	41704	5.02892e-04	3.80904e-04	6.22510e-04	8	3	5	15908	7876	8032	0.00000e+00	0.00000e+00	0.00000e+00	0	0	0	25844	19200	6644	8	3.18248e-05
chr14	24576253	rs1197571139	T	G	711.54	snv	1	4.79423e-06	0.00000e+00	1.02453e-05	1	0	1	208584	110978	97606	0.00000e+00	0.00000e+00	0.00000e+00	0	0	0	12866	4848	8018	0.00000e+00	0.00000e+00	0.00000e+00	0	0	0	29896	12494	17402	0.00000e+00	0.00000e+00	0.00000e+00	0	0	0	18536	9320	9216	0.00000e+00	0.00000e+00	0.00000e+00	0	0	0	9206	4802	4404	1.09671e-05	0.00000e+00	2.41616e-05	1	0	1	91182	49794	41388	0.00000e+00	0.00000e+00	0.00000e+00	0	0	0	15802	7826	7976	0.00000e+00	0.00000e+00	0.00000e+00	0	0	0	25768	19142	6626	1	3.97833e-06
chr14	24576256	rs772697490	T	C	162.7	snv	1	4.89937e-06	0.00000e+00	1.04646e-05	1	0	1	204108	108548	95560	0.00000e+00	0.00000e+00	0.00000e+00	0	0	0	12588	4740	7848	0.00000e+00	0.00000e+00	0.00000e+00	0	0	0	29350	12302	17048	0.00000e+00	0.00000e+00	0.00000e+00	0	0	0	18244	9150	9094	0.00000e+00	0.00000e+00	0.00000e+00	0	0	0	9150	4772	4378	0.00000e+00	0.00000e+00	0.00000e+00	0	0	0	88618	48288	40330	6.48004e-05	0.00000e+00	1.28535e-04	1	0	1	15432	7652	7780	0.00000e+00	0.00000e+00	0.00000e+00	0	0	0	25464	18934	6530	1	3.97890e-06
chr14	24576260	rs748989553	C	T	2451.8	snv	1	2.57046e-05	3.87995e-05	1.09380e-05	5	4	1	194518	103094	91424	0.00000e+00	0.00000e+00	0.00000e+00	0	0	0	11918	4454	7464	0.00000e+00	0.00000e+00	0.00000e+00	0	0	0	28126	11808	16318	0.00000e+00	0.00000e+00	0.00000e+00	0	0	0	17638	8758	8880	0.00000e+00	0.00000e+00	0.00000e+00	0	0	0	9000	4700	4300	0.00000e+00	0.00000e+00	0.00000e+00	0	0	0	83162	44944	38218	0.00000e+00	0.00000e+00	0.00000e+00	0	0	0	14742	7342	7400	2.01191e-04	2.16357e-04	1.57134e-04	5	4	1	24852	18488	6364	7	2.78654e-05
chr14	24576265	rs770788365	T	G	192.67	snv	1	5.24005e-06	0.00000e+00	1.11302e-05	1	0	1	190838	100992	89846	0.00000e+00	0.00000e+00	0.00000e+00	0	0	0	11690	4380	7310	3.61089e-05	0.00000e+00	6.23675e-05	1	0	1	27694	11660	16034	0.00000e+00	0.00000e+00	0.00000e+00	0	0	0	17400	8590	8810	0.00000e+00	0.00000e+00	0.00000e+00	0	0	0	8940	4674	4266	0.00000e+00	0.00000e+00	0.00000e+00	0	0	0	81010	43604	37406	0.00000e+00	0.00000e+00	0.00000e+00	0	0	0	14446	7190	7256	0.00000e+00	0.00000e+00	0.00000e+00	0	0	0	24628	18314	6314	2	7.96299e-06
chr14	24576266	rs774287423	C	T	1213.36	snv	1	1.05439e-05	0.00000e+00	2.23964e-05	2	0	2	189684	100384	89300	0.00000e+00	0.00000e+00	0.00000e+00	0	0	0	11586	4336	7250	0.00000e+00	0.00000e+00	0.00000e+00	0	0	0	27604	11618	15986	0.00000e+00	0.00000e+00	0.00000e+00	0	0	0	17326	8542	8784	0.00000e+00	0.00000e+00	0.00000e+00	0	0	0	8916	4660	4256	2.49023e-05	0.00000e+00	5.39258e-05	2	0	2	80314	43226	37088	0.00000e+00	0.00000e+00	0.00000e+00	0	0	0	14354	7154	7200	0.00000e+00	0.00000e+00	0.00000e+00	0	0	0	24570	18276	6294	3	1.19451e-05
chr14	24576269	rs1167423737	C	T	432.2	snv	1	5.35630e-06	0.00000e+00	1.13623e-05	1	0	1	186696	98686	88010	0.00000e+00	0.00000e+00	0.00000e+00	0	0	0	11446	4296	7150	3.66972e-05	0.00000e+00	6.34196e-05	1	0	1	27250	11482	15768	0.00000e+00	0.00000e+00	0.00000e+00	0	0	0	17138	8442	8696	0.00000e+00	0.00000e+00	0.00000e+00	0	0	0	8900	4656	4244	0.00000e+00	0.00000e+00	0.00000e+00	0	0	0	78536	42082	36454	0.00000e+00	0.00000e+00	0.00000e+00	0	0	0	14094	7024	7070	0.00000e+00	0.00000e+00	0.00000e+00	0	0	0	24378	18164	6214	1	3.98235e-06
chr14	24576270	rs866446318	C	T	1017.29	snv	1	5.38648e-06	1.01912e-05	0.00000e+00	1	1	0	185650	98124	87526	0.00000e+00	0.00000e+00	0.00000e+00	0	0	0	11348	4258	7090	0.00000e+00	0.00000e+00	0.00000e+00	0	0	0	27140	11440	15700	0.00000e+00	0.00000e+00	0.00000e+00	0	0	0	17054	8390	8664	0.00000e+00	0.00000e+00	0.00000e+00	0	0	0	8882	4644	4238	1.28294e-05	2.39544e-05	0.00000e+00	1	1	0	77946	41746	36200	0.00000e+00	0.00000e+00	0.00000e+00	0	0	0	14014	6996	7018	0.00000e+00	0.00000e+00	0.00000e+00	0	0	0	24324	18118	6206	2	7.96540e-06
chr14	24576271	rs1404926668	T	C	739.77	snv	1	5.40500e-06	0.00000e+00	1.14582e-05	1	0	1	185014	97740	87274	0.00000e+00	0.00000e+00	0.00000e+00	0	0	0	11308	4226	7082	0.00000e+00	0.00000e+00	0.00000e+00	0	0	0	27042	11386	15656	0.00000e+00	0.00000e+00	0.00000e+00	0	0	0	17014	8370	8644	0.00000e+00	0.00000e+00	0.00000e+00	0	0	0	8860	4634	4226	0.00000e+00	0.00000e+00	0.00000e+00	0	0	0	77622	41528	36094	0.00000e+00	0.00000e+00	0.00000e+00	0	0	0	13968	6982	6986	4.11794e-05	0.00000e+00	1.61499e-04	1	0	1	24284	18092	6192	3	1.19491e-05
chr14	24576273	rs1373868445	G	C	2653.56	mixed	3	1.09035e-05	1.03225e-05	1.15537e-05	2	1	1	183428	96876	86552	0.00000e+00	0.00000e+00	0.00000e+00	0	0	0	11190	4166	7024	0.00000e+00	0.00000e+00	0.00000e+00	0	0	0	26880	11322	15558	0.00000e+00	0.00000e+00	0.00000e+00	0	0	0	16922	8306	8616	0.00000e+00	0.00000e+00	0.00000e+00	0	0	0	8858	4634	4224	2.60811e-05	2.44045e-05	2.80049e-05	2	1	1	76684	40976	35708	0.00000e+00	0.00000e+00	0.00000e+00	0	0	0	13826	6936	6890	0.00000e+00	0.00000e+00	0.00000e+00	0	0	0	24190	18024	6166	3	1.19518e-05
chr14	24576273	rs1373868445	G	GA	2653.56	mixed	3	5.45173e-06	0.00000e+00	1.15537e-05	1	0	1	183428	96876	86552	0.00000e+00	0.00000e+00	0.00000e+00	0	0	0	11190	4166	7024	0.00000e+00	0.00000e+00	0.00000e+00	0	0	0	26880	11322	15558	0.00000e+00	0.00000e+00	0.00000e+00	0	0	0	16922	8306	8616	0.00000e+00	0.00000e+00	0.00000e+00	0	0	0	8858	4634	4224	0.00000e+00	0.00000e+00	0.00000e+00	0	0	0	76684	40976	35708	0.00000e+00	0.00000e+00	0.00000e+00	0	0	0	13826	6936	6890	4.13394e-05	0.00000e+00	1.62180e-04	1	0	1	24190	18024	6166	1	3.98394e-06
